(0,0)!(0,0)!(0,0)!(0,0)!(0,0)!(0,0)!(0,0)!(0,0)!(0,0)!(0,0)!(0,5)!(0,0)!(0,0)!(0,0)!(0,0)!(5,0)!(0,0)!(0,0)!(0,0)!(0,0)!(0,fx)!(0,0)!(0,0)!(0,0)!(0,0)!;(0,0)(0,0)(0,0)(0,0)(0,0)(0,5)(0,0)(0,0)!(5,0)(0,0)(0,0)!(0,fx)(0,0)(0,0)!;(0,0)(0,0)(0,0)(0,0)(0,0)(0,2x)(3x,0)(0,0)!(2x,0)(0,3x)(0,0)!(0,3x)(0,0)!(0,c);(0,2)(0,2)(0,2)(0,2)(0,2)(0,2x)(2,0)(1x,0)!(2x,0)(0,2)(0,1x)!(0,3x)(0,0)!(0,2)
(0,0)!(0,0)!(0,0)!(0,0)!(0,0)!(0,0)!(0,0)!(0,0)!(0,0)!(0,0)!(0,5)!(0,0)!(0,0)!(0,0)!(0,0)!(5x,0)!(0,0)!(0,0)!(0,0)!(0,0)!(f,0)!(0,0)!(0,0)!(0,0)!(0,0)!;(0,0)(0,0)(0,0)(0,0)(0,0)(0,5)(0,0)(0,0)!(5x,0)(0,0)(0,0)!(f,0)(0,0)(0,0)!;(0,0)(0,0)(0,0)(0,0)(0,0)(0,2x)(3x,0)(0,0)!(3x,0)(0,0)!(2,0)(2x,0)(0,dx)(0,0)!;(0,0)!(0,2)(0,2)(0,2)(0,2)(0,1x)!(0,2x)(2,0)(1x,0)!(3x,0)(0,0)!(2,0)(2x,0)(0,2)(0,2)!
(0,0)!(0,0)!(0,0)!(0,0)!(0,0)!(0,0)!(0,0)!(0,0)!(0,0)!(0,0)!(0,5x)!(0,0)!(0,0)!(0,0)!(0,0)!(0,5)!(0,0)!(0,0)!(0,0)!(0,0)!(f,0)!(0,0)!(0,0)!(0,0)!(0,0)!;(0,0)(0,0)(0,0)(0,0)(0,0)(0,5x)(0,0)(0,0)!(0,5)(0,0)(0,0)!(f,0)(0,0)(0,0)!;(0,0)(0,0)(0,0)(0,0)(0,0)(0,3x)(0,0)!(0,2)(0,2x)(3x,0)(0,0)!(2x,0)(0,dx)(0,0)!;(0,0)!(0,2)(0,2)(0,2)(0,2)(0,1x)!(0,3x)(0,0)!(0,2)(0,2x)(2,0)(1x,0)!(2x,0)(0,2)(0,2)!
(0,0)!(0,0)!(0,0)!(0,0)!(0,0)!(0,0)!(0,0)!(0,0)!(0,0)!(0,0)!(0,5x)!(0,0)!(0,0)!(0,0)!(0,0)!(0,5x)!(0,0)!(0,0)!(0,0)!(0,0)!(0,fx)!(0,0)!(0,0)!(0,0)!(0,0)!;(0,0)(0,0)(0,0)(0,0)(0,0)(0,5x)(0,0)(0,0)!(0,5x)(0,0)(0,0)!(0,fx)(0,0)(0,0)!;(0,0)(0,0)(0,0)(0,0)(0,0)(0,3x)(0,0)!(0,2)(0,3x)(0,0)!(0,2)(0,3x)(0,0)!(0,c);(0,2)(0,2)(0,2)(0,2)(0,2)(0,3x)(0,0)!(0,2)(0,3x)(0,0)!(0,2)(0,3x)(0,0)!(0,2)
(0,0)!(0,0)!(0,0)!(0,0)!(0,0)!(0,0)!(0,0)!(0,0)!(0,0)!(0,0)!(0,a)!(0,0)!(0,0)!(0,0)!(0,0)!(0,0)!(0,0)!(0,0)!(0,0)!(0,0)!(0,fx)!(0,0)!(0,0)!(0,0)!(0,0)!;(0,0)(0,0)(0,0)(0,0)(0,0)(0,a)(0,0)(0,0)(0,0)(0,0)(0,fx)(0,0)(0,0)!;(0,0)(0,0)(0,0)(0,0)(0,0)(0,3x)(0,0)!(0,7x)(0,0)(0,0)(0,0)!(0,3x)(0,0)!(0,c);(0,2)(0,2)(0,2)(0,2)(0,2)(0,3x)(0,0)!(0,2)(0,2)(0,2)(0,1x)!(0,3x)(0,0)!(0,2)
(0,0)!(0,0)!(0,0)!(0,0)!(0,0)!(0,0)!(0,0)!(0,0)!(0,0)!(0,0)!(0,ax)!(0,0)!(0,0)!(0,0)!(0,0)!(0,0)!(0,0)!(0,0)!(0,0)!(0,0)!(f,0)!(0,0)!(0,0)!(0,0)!(0,0)!;(0,0)(0,0)(0,0)(0,0)(0,0)(0,ax)(0,0)(0,0)(0,0)(0,0)(f,0)(0,0)(0,0)!;(0,0)(0,0)(0,0)(0,0)(0,0)(0,2x)(8,0)(0,0)(0,0)(0,0)(2x,0)(0,dx)(0,0)!;(0,0)!(0,2)(0,2)(0,2)(0,2)(0,1x)!(0,2x)(2,0)(2,0)(2,0)(2,0)(2x,0)(0,2)(0,2)!
(0,0)!(0,0)!(0,0)!(0,0)!(0,0)!(0,0)!(0,0)!(0,0)!(0,0)!(0,0)!(5,0)!(0,0)!(0,0)!(0,0)!(0,0)!(0,5)!(0,0)!(0,0)!(0,0)!(0,0)!(fx,0)!(0,0)!(0,0)!(0,0)!(0,0)!;(0,0)(0,0)(0,0)(0,0)(0,0)(5,0)(0,0)(0,0)!(0,5)(0,0)(0,0)!(fx,0)(0,0)(0,0)!;(0,0)(0,0)(0,0)(0,0)(0,0)(2x,0)(0,3x)(0,0)!(0,2x)(3x,0)(0,0)!(3x,0)(0,0)!(c,0);(2,0)(2,0)(2,0)(2,0)(2,0)(2x,0)(0,2)(0,1x)!(0,2x)(2,0)(1x,0)!(3x,0)(0,0)!(2,0)
(0,0)!(0,0)!(0,0)!(0,0)!(0,0)!(0,0)!(0,0)!(0,0)!(0,0)!(0,0)!(5,0)!(0,0)!(0,0)!(0,0)!(0,0)!(0,5x)!(0,0)!(0,0)!(0,0)!(0,0)!(0,f)!(0,0)!(0,0)!(0,0)!(0,0)!;(0,0)(0,0)(0,0)(0,0)(0,0)(5,0)(0,0)(0,0)!(0,5x)(0,0)(0,0)!(0,f)(0,0)(0,0)!;(0,0)(0,0)(0,0)(0,0)(0,0)(2x,0)(0,3x)(0,0)!(0,3x)(0,0)!(0,2)(0,2x)(dx,0)(0,0)!;(2,0)(2,0)(2,0)(2,0)(1x,0)!(2x,0)(0,2)(0,1x)!(0,3x)(0,0)!(0,2)(0,2x)(2,0)(2,0)
(0,0)!(0,0)!(0,0)!(0,0)!(0,0)!(0,0)!(0,0)!(0,0)!(0,0)!(0,0)!(5x,0)!(0,0)!(0,0)!(0,0)!(0,0)!(5,0)!(0,0)!(0,0)!(0,0)!(0,0)!(0,f)!(0,0)!(0,0)!(0,0)!(0,0)!;(0,0)(0,0)(0,0)(0,0)(0,0)(5x,0)(0,0)(0,0)!(5,0)(0,0)(0,0)!(0,f)(0,0)(0,0)!;(0,0)(0,0)(0,0)(0,0)(0,0)(3x,0)(0,0)!(2,0)(2x,0)(0,3x)(0,0)!(0,2x)(dx,0)(0,0)!;(2,0)(2,0)(2,0)(2,0)(1x,0)!(3x,0)(0,0)!(2,0)(2x,0)(0,2)(0,1x)!(0,2x)(2,0)(2,0)
(0,0)!(0,0)!(0,0)!(0,0)!(0,0)!(0,0)!(0,0)!(0,0)!(0,0)!(0,0)!(5x,0)!(0,0)!(0,0)!(0,0)!(0,0)!(5x,0)!(0,0)!(0,0)!(0,0)!(0,0)!(fx,0)!(0,0)!(0,0)!(0,0)!(0,0)!;(0,0)(0,0)(0,0)(0,0)(0,0)(5x,0)(0,0)(0,0)!(5x,0)(0,0)(0,0)!(fx,0)(0,0)(0,0)!;(0,0)(0,0)(0,0)(0,0)(0,0)(3x,0)(0,0)!(2,0)(3x,0)(0,0)!(2,0)(3x,0)(0,0)!(c,0);(2,0)(2,0)(2,0)(2,0)(2,0)(3x,0)(0,0)!(2,0)(3x,0)(0,0)!(2,0)(3x,0)(0,0)!(2,0)
(0,0)!(0,0)!(0,0)!(0,0)!(0,0)!(0,0)!(0,0)!(0,0)!(0,0)!(0,0)!(a,0)!(0,0)!(0,0)!(0,0)!(0,0)!(0,0)!(0,0)!(0,0)!(0,0)!(0,0)!(fx,0)!(0,0)!(0,0)!(0,0)!(0,0)!;(0,0)(0,0)(0,0)(0,0)(0,0)(a,0)(0,0)(0,0)(0,0)(0,0)(fx,0)(0,0)(0,0)!;(0,0)(0,0)(0,0)(0,0)(0,0)(3x,0)(0,0)!(7x,0)(0,0)(0,0)(0,0)!(3x,0)(0,0)!(c,0);(2,0)(2,0)(2,0)(2,0)(2,0)(3x,0)(0,0)!(2,0)(2,0)(2,0)(1x,0)!(3x,0)(0,0)!(2,0)
(0,0)!(0,0)!(0,0)!(0,0)!(0,0)!(0,0)!(0,0)!(0,0)!(0,0)!(0,0)!(ax,0)!(0,0)!(0,0)!(0,0)!(0,0)!(0,0)!(0,0)!(0,0)!(0,0)!(0,0)!(0,f)!(0,0)!(0,0)!(0,0)!(0,0)!;(0,0)(0,0)(0,0)(0,0)(0,0)(ax,0)(0,0)(0,0)(0,0)(0,0)(0,f)(0,0)(0,0)!;(0,0)(0,0)(0,0)(0,0)(0,0)(2x,0)(0,8)(0,0)(0,0)(0,0)(0,2x)(dx,0)(0,0)!;(2,0)(2,0)(2,0)(2,0)(1x,0)!(2x,0)(0,2)(0,2)(0,2)(0,2)(0,2x)(2,0)(2,0)
(0,0)!(0,0)!(0,0)!(0,0)!(0,0)!(0,5)!(0,0)!(0,0)!(0,0)!(0,0)!(5,0)!(0,0)!(0,0)!(0,0)!(0,0)!(0,5)!(0,0)!(0,0)!(0,0)!(0,0)!(ax,0)!(0,0)!(0,0)!(0,0)!(0,0)!;(0,0)(0,0)(0,0)!(0,5)(0,0)(0,0)!(5,0)(0,0)(0,0)!(0,5)(0,0)(0,0)!(ax,0)(0,0)(0,0)!;(0,0)(0,0)(0,0)!(0,2x)(3x,0)(0,0)!(2x,0)(0,3x)(0,0)!(0,2x)(3x,0)(0,0)!(2x,0)(0,8)(0,0)!;(0,0)!(0,2)(0,2)(0,2x)(2,0)(1x,0)!(2x,0)(0,2)(0,1x)!(0,2x)(2,0)(1x,0)!(2x,0)(0,2)(0,2)!
(0,0)!(0,0)!(0,0)!(0,0)!(0,0)!(0,5)!(0,0)!(0,0)!(0,0)!(0,0)!(5,0)!(0,0)!(0,0)!(0,0)!(0,0)!(0,5x)!(0,0)!(0,0)!(0,0)!(0,0)!(0,a)!(0,0)!(0,0)!(0,0)!(0,0)!;(0,0)(0,0)(0,0)!(0,5)(0,0)(0,0)!(5,0)(0,0)(0,0)!(0,5x)(0,0)(0,0)!(0,a)(0,0)(0,0)!;(0,0)(0,0)(0,0)!(0,2x)(3x,0)(0,0)!(2x,0)(0,3x)(0,0)!(0,3x)(0,0)!(0,2)(0,3x)(0,0)!(0,7x);(0,2)(0,2)(0,1x)!(0,2x)(2,0)(1x,0)!(2x,0)(0,2)(0,1x)!(0,3x)(0,0)!(0,2)(0,3x)(0,0)!(0,2)
(0,0)!(0,0)!(0,0)!(0,0)!(0,0)!(0,5)!(0,0)!(0,0)!(0,0)!(0,0)!(5,0)!(0,0)!(0,0)!(0,0)!(0,0)!(0,fx)!(0,0)!(0,0)!(0,0)!(0,0)!(0,0)!(0,0)!(0,0)!(0,0)!(0,0)!;(0,0)(0,0)(0,0)!(0,5)(0,0)(0,0)!(5,0)(0,0)(0,0)!(0,fx)(0,0)(0,0)(0,0)(0,0);(0,0)(0,0)(0,0)!(0,2x)(3x,0)(0,0)!(2x,0)(0,3x)(0,0)!(0,3x)(0,0)!(0,c)(0,0)(0,0)(0,0)!;(0,0)!(0,2)(0,2)(0,2x)(2,0)(1x,0)!(2x,0)(0,2)(0,1x)!(0,3x)(0,0)!(0,2)(0,2)(0,2)(0,2)!
(0,0)!(0,0)!(0,0)!(0,0)!(0,0)!(0,5)!(0,0)!(0,0)!(0,0)!(0,0)!(5x,0)!(0,0)!(0,0)!(0,0)!(0,0)!(5,0)!(0,0)!(0,0)!(0,0)!(0,0)!(0,a)!(0,0)!(0,0)!(0,0)!(0,0)!;(0,0)(0,0)(0,0)!(0,5)(0,0)(0,0)!(5x,0)(0,0)(0,0)!(5,0)(0,0)(0,0)!(0,a)(0,0)(0,0)!;(0,0)(0,0)(0,0)!(0,2x)(3x,0)(0,0)!(3x,0)(0,0)!(2,0)(2x,0)(0,3x)(0,0)!(0,3x)(0,0)!(0,7x);(0,2)(0,2)(0,1x)!(0,2x)(2,0)(1x,0)!(3x,0)(0,0)!(2,0)(2x,0)(0,2)(0,1x)!(0,3x)(0,0)!(0,2)
(0,0)!(0,0)!(0,0)!(0,0)!(0,0)!(0,5)!(0,0)!(0,0)!(0,0)!(0,0)!(5x,0)!(0,0)!(0,0)!(0,0)!(0,0)!(5x,0)!(0,0)!(0,0)!(0,0)!(0,0)!(ax,0)!(0,0)!(0,0)!(0,0)!(0,0)!;(0,0)(0,0)(0,0)!(0,5)(0,0)(0,0)!(5x,0)(0,0)(0,0)!(5x,0)(0,0)(0,0)!(ax,0)(0,0)(0,0)!;(0,0)(0,0)(0,0)!(0,2x)(3x,0)(0,0)!(3x,0)(0,0)!(2,0)(3x,0)(0,0)!(2,0)(2x,0)(0,8)(0,0)!;(0,0)!(0,2)(0,2)(0,2x)(2,0)(1x,0)!(3x,0)(0,0)!(2,0)(3x,0)(0,0)!(2,0)(2x,0)(0,2)(0,2)!
(0,0)!(0,0)!(0,0)!(0,0)!(0,0)!(0,5)!(0,0)!(0,0)!(0,0)!(0,0)!(5x,0)!(0,0)!(0,0)!(0,0)!(0,0)!(f,0)!(0,0)!(0,0)!(0,0)!(0,0)!(0,0)!(0,0)!(0,0)!(0,0)!(0,0)!;(0,0)(0,0)(0,0)!(0,5)(0,0)(0,0)!(5x,0)(0,0)(0,0)!(f,0)(0,0)(0,0)(0,0)(0,0);(0,0)(0,0)(0,0)!(0,2x)(3x,0)(0,0)!(3x,0)(0,0)!(2,0)(2x,0)(0,dx)(0,0)(0,0)(0,0);(0,2)(0,2)(0,1x)!(0,2x)(2,0)(1x,0)!(3x,0)(0,0)!(2,0)(2x,0)(0,2)(0,2)(0,2)(0,2)
(0,0)!(0,0)!(0,0)!(0,0)!(0,0)!(0,5)!(0,0)!(0,0)!(0,0)!(0,0)!(a,0)!(0,0)!(0,0)!(0,0)!(0,0)!(0,0)!(0,0)!(0,0)!(0,0)!(0,0)!(ax,0)!(0,0)!(0,0)!(0,0)!(0,0)!;(0,0)(0,0)(0,0)!(0,5)(0,0)(0,0)!(a,0)(0,0)(0,0)(0,0)(0,0)(ax,0)(0,0)(0,0)!;(0,0)(0,0)(0,0)!(0,2x)(3x,0)(0,0)!(3x,0)(0,0)!(7x,0)(0,0)(0,0)(0,0)!(2x,0)(0,8)(0,0)!;(0,0)!(0,2)(0,2)(0,2x)(2,0)(1x,0)!(3x,0)(0,0)!(2,0)(2,0)(2,0)(1x,0)!(2x,0)(0,2)(0,2)!
(0,0)!(0,0)!(0,0)!(0,0)!(0,0)!(0,5)!(0,0)!(0,0)!(0,0)!(0,0)!(ax,0)!(0,0)!(0,0)!(0,0)!(0,0)!(0,0)!(0,0)!(0,0)!(0,0)!(0,0)!(0,a)!(0,0)!(0,0)!(0,0)!(0,0)!;(0,0)(0,0)(0,0)!(0,5)(0,0)(0,0)!(ax,0)(0,0)(0,0)(0,0)(0,0)(0,a)(0,0)(0,0)!;(0,0)(0,0)(0,0)!(0,2x)(3x,0)(0,0)!(2x,0)(0,8)(0,0)(0,0)(0,0)(0,3x)(0,0)!(0,7x);(0,2)(0,2)(0,1x)!(0,2x)(2,0)(1x,0)!(2x,0)(0,2)(0,2)(0,2)(0,2)(0,3x)(0,0)!(0,2)
(0,0)!(0,0)!(0,0)!(0,0)!(0,0)!(0,5x)!(0,0)!(0,0)!(0,0)!(0,0)!(0,5)!(0,0)!(0,0)!(0,0)!(0,0)!(5,0)!(0,0)!(0,0)!(0,0)!(0,0)!(0,a)!(0,0)!(0,0)!(0,0)!(0,0)!;(0,0)(0,0)(0,0)!(0,5x)(0,0)(0,0)!(0,5)(0,0)(0,0)!(5,0)(0,0)(0,0)!(0,a)(0,0)(0,0)!;(0,0)(0,0)(0,0)!(0,3x)(0,0)!(0,2)(0,2x)(3x,0)(0,0)!(2x,0)(0,3x)(0,0)!(0,3x)(0,0)!(0,7x);(0,2)(0,2)(0,1x)!(0,3x)(0,0)!(0,2)(0,2x)(2,0)(1x,0)!(2x,0)(0,2)(0,1x)!(0,3x)(0,0)!(0,2)
(0,0)!(0,0)!(0,0)!(0,0)!(0,0)!(0,5x)!(0,0)!(0,0)!(0,0)!(0,0)!(0,5)!(0,0)!(0,0)!(0,0)!(0,0)!(5x,0)!(0,0)!(0,0)!(0,0)!(0,0)!(ax,0)!(0,0)!(0,0)!(0,0)!(0,0)!;(0,0)(0,0)(0,0)!(0,5x)(0,0)(0,0)!(0,5)(0,0)(0,0)!(5x,0)(0,0)(0,0)!(ax,0)(0,0)(0,0)!;(0,0)(0,0)(0,0)!(0,3x)(0,0)!(0,2)(0,2x)(3x,0)(0,0)!(3x,0)(0,0)!(2,0)(2x,0)(0,8)(0,0)!;(0,0)!(0,2)(0,2)(0,3x)(0,0)!(0,2)(0,2x)(2,0)(1x,0)!(3x,0)(0,0)!(2,0)(2x,0)(0,2)(0,2)!
(0,0)!(0,0)!(0,0)!(0,0)!(0,0)!(0,5x)!(0,0)!(0,0)!(0,0)!(0,0)!(0,5)!(0,0)!(0,0)!(0,0)!(0,0)!(f,0)!(0,0)!(0,0)!(0,0)!(0,0)!(0,0)!(0,0)!(0,0)!(0,0)!(0,0)!;(0,0)(0,0)(0,0)!(0,5x)(0,0)(0,0)!(0,5)(0,0)(0,0)!(f,0)(0,0)(0,0)(0,0)(0,0);(0,0)(0,0)(0,0)!(0,3x)(0,0)!(0,2)(0,2x)(3x,0)(0,0)!(2x,0)(0,dx)(0,0)(0,0)(0,0);(0,2)(0,2)(0,1x)!(0,3x)(0,0)!(0,2)(0,2x)(2,0)(1x,0)!(2x,0)(0,2)(0,2)(0,2)(0,2)
(0,0)!(0,0)!(0,0)!(0,0)!(0,0)!(0,5x)!(0,0)!(0,0)!(0,0)!(0,0)!(0,5x)!(0,0)!(0,0)!(0,0)!(0,0)!(0,5)!(0,0)!(0,0)!(0,0)!(0,0)!(ax,0)!(0,0)!(0,0)!(0,0)!(0,0)!;(0,0)(0,0)(0,0)!(0,5x)(0,0)(0,0)!(0,5x)(0,0)(0,0)!(0,5)(0,0)(0,0)!(ax,0)(0,0)(0,0)!;(0,0)(0,0)(0,0)!(0,3x)(0,0)!(0,2)(0,3x)(0,0)!(0,2)(0,2x)(3x,0)(0,0)!(2x,0)(0,8)(0,0)!;(0,0)!(0,2)(0,2)(0,3x)(0,0)!(0,2)(0,3x)(0,0)!(0,2)(0,2x)(2,0)(1x,0)!(2x,0)(0,2)(0,2)!
(0,0)!(0,0)!(0,0)!(0,0)!(0,0)!(0,5x)!(0,0)!(0,0)!(0,0)!(0,0)!(0,5x)!(0,0)!(0,0)!(0,0)!(0,0)!(0,5x)!(0,0)!(0,0)!(0,0)!(0,0)!(0,a)!(0,0)!(0,0)!(0,0)!(0,0)!;(0,0)(0,0)(0,0)!(0,5x)(0,0)(0,0)!(0,5x)(0,0)(0,0)!(0,5x)(0,0)(0,0)!(0,a)(0,0)(0,0)!;(0,0)(0,0)(0,0)!(0,3x)(0,0)!(0,2)(0,3x)(0,0)!(0,2)(0,3x)(0,0)!(0,2)(0,3x)(0,0)!(0,7x);(0,2)(0,2)(0,1x)!(0,3x)(0,0)!(0,2)(0,3x)(0,0)!(0,2)(0,3x)(0,0)!(0,2)(0,3x)(0,0)!(0,2)
(0,0)!(0,0)!(0,0)!(0,0)!(0,0)!(0,5x)!(0,0)!(0,0)!(0,0)!(0,0)!(0,5x)!(0,0)!(0,0)!(0,0)!(0,0)!(0,fx)!(0,0)!(0,0)!(0,0)!(0,0)!(0,0)!(0,0)!(0,0)!(0,0)!(0,0)!;(0,0)(0,0)(0,0)!(0,5x)(0,0)(0,0)!(0,5x)(0,0)(0,0)!(0,fx)(0,0)(0,0)(0,0)(0,0);(0,0)(0,0)(0,0)!(0,3x)(0,0)!(0,2)(0,3x)(0,0)!(0,2)(0,3x)(0,0)!(0,c)(0,0)(0,0)(0,0)!;(0,0)!(0,2)(0,2)(0,3x)(0,0)!(0,2)(0,3x)(0,0)!(0,2)(0,3x)(0,0)!(0,2)(0,2)(0,2)(0,2)!
(0,0)!(0,0)!(0,0)!(0,0)!(0,0)!(0,5x)!(0,0)!(0,0)!(0,0)!(0,0)!(0,a)!(0,0)!(0,0)!(0,0)!(0,0)!(0,0)!(0,0)!(0,0)!(0,0)!(0,0)!(0,a)!(0,0)!(0,0)!(0,0)!(0,0)!;(0,0)(0,0)(0,0)!(0,5x)(0,0)(0,0)!(0,a)(0,0)(0,0)(0,0)(0,0)(0,a)(0,0)(0,0)!;(0,0)(0,0)(0,0)!(0,3x)(0,0)!(0,2)(0,3x)(0,0)!(0,7x)(0,0)(0,0)(0,0)!(0,3x)(0,0)!(0,7x);(0,2)(0,2)(0,1x)!(0,3x)(0,0)!(0,2)(0,3x)(0,0)!(0,2)(0,2)(0,2)(0,1x)!(0,3x)(0,0)!(0,2)
(0,0)!(0,0)!(0,0)!(0,0)!(0,0)!(0,5x)!(0,0)!(0,0)!(0,0)!(0,0)!(0,ax)!(0,0)!(0,0)!(0,0)!(0,0)!(0,0)!(0,0)!(0,0)!(0,0)!(0,0)!(ax,0)!(0,0)!(0,0)!(0,0)!(0,0)!;(0,0)(0,0)(0,0)!(0,5x)(0,0)(0,0)!(0,ax)(0,0)(0,0)(0,0)(0,0)(ax,0)(0,0)(0,0)!;(0,0)(0,0)(0,0)!(0,3x)(0,0)!(0,2)(0,2x)(8,0)(0,0)(0,0)(0,0)(2x,0)(0,8)(0,0)!;(0,0)!(0,2)(0,2)(0,3x)(0,0)!(0,2)(0,2x)(2,0)(2,0)(2,0)(2,0)(2x,0)(0,2)(0,2)!
(0,0)!(0,0)!(0,0)!(0,0)!(0,0)!(0,a)!(0,0)!(0,0)!(0,0)!(0,0)!(0,0)!(0,0)!(0,0)!(0,0)!(0,0)!(0,5)!(0,0)!(0,0)!(0,0)!(0,0)!(ax,0)!(0,0)!(0,0)!(0,0)!(0,0)!;(0,0)(0,0)(0,0)!(0,a)(0,0)(0,0)(0,0)(0,0)(0,5)(0,0)(0,0)!(ax,0)(0,0)(0,0)!;(0,0)(0,0)(0,0)!(0,3x)(0,0)!(0,7x)(0,0)(0,0)(0,0)!(0,2x)(3x,0)(0,0)!(2x,0)(0,8)(0,0)!;(0,0)!(0,2)(0,2)(0,3x)(0,0)!(0,2)(0,2)(0,2)(0,1x)!(0,2x)(2,0)(1x,0)!(2x,0)(0,2)(0,2)!
(0,0)!(0,0)!(0,0)!(0,0)!(0,0)!(0,a)!(0,0)!(0,0)!(0,0)!(0,0)!(0,0)!(0,0)!(0,0)!(0,0)!(0,0)!(0,5x)!(0,0)!(0,0)!(0,0)!(0,0)!(0,a)!(0,0)!(0,0)!(0,0)!(0,0)!;(0,0)(0,0)(0,0)!(0,a)(0,0)(0,0)(0,0)(0,0)(0,5x)(0,0)(0,0)!(0,a)(0,0)(0,0)!;(0,0)(0,0)(0,0)!(0,3x)(0,0)!(0,7x)(0,0)(0,0)(0,0)!(0,3x)(0,0)!(0,2)(0,3x)(0,0)!(0,7x);(0,2)(0,2)(0,1x)!(0,3x)(0,0)!(0,2)(0,2)(0,2)(0,1x)!(0,3x)(0,0)!(0,2)(0,3x)(0,0)!(0,2)
(0,0)!(0,0)!(0,0)!(0,0)!(0,0)!(0,a)!(0,0)!(0,0)!(0,0)!(0,0)!(0,0)!(0,0)!(0,0)!(0,0)!(0,0)!(0,fx)!(0,0)!(0,0)!(0,0)!(0,0)!(0,0)!(0,0)!(0,0)!(0,0)!(0,0)!;(0,0)(0,0)(0,0)!(0,a)(0,0)(0,0)(0,0)(0,0)(0,fx)(0,0)(0,0)(0,0)(0,0);(0,0)(0,0)(0,0)!(0,3x)(0,0)!(0,7x)(0,0)(0,0)(0,0)!(0,3x)(0,0)!(0,c)(0,0)(0,0)(0,0)!;(0,0)!(0,2)(0,2)(0,3x)(0,0)!(0,2)(0,2)(0,2)(0,1x)!(0,3x)(0,0)!(0,2)(0,2)(0,2)(0,2)!
(0,0)!(0,0)!(0,0)!(0,0)!(0,0)!(0,ax)!(0,0)!(0,0)!(0,0)!(0,0)!(0,0)!(0,0)!(0,0)!(0,0)!(0,0)!(5,0)!(0,0)!(0,0)!(0,0)!(0,0)!(0,a)!(0,0)!(0,0)!(0,0)!(0,0)!;(0,0)(0,0)(0,0)!(0,ax)(0,0)(0,0)(0,0)(0,0)(5,0)(0,0)(0,0)!(0,a)(0,0)(0,0)!;(0,0)(0,0)(0,0)!(0,2x)(8,0)(0,0)(0,0)(0,0)(2x,0)(0,3x)(0,0)!(0,3x)(0,0)!(0,7x);(0,2)(0,2)(0,1x)!(0,2x)(2,0)(2,0)(2,0)(2,0)(2x,0)(0,2)(0,1x)!(0,3x)(0,0)!(0,2)
(0,0)!(0,0)!(0,0)!(0,0)!(0,0)!(0,ax)!(0,0)!(0,0)!(0,0)!(0,0)!(0,0)!(0,0)!(0,0)!(0,0)!(0,0)!(5x,0)!(0,0)!(0,0)!(0,0)!(0,0)!(ax,0)!(0,0)!(0,0)!(0,0)!(0,0)!;(0,0)(0,0)(0,0)!(0,ax)(0,0)(0,0)(0,0)(0,0)(5x,0)(0,0)(0,0)!(ax,0)(0,0)(0,0)!;(0,0)(0,0)(0,0)!(0,2x)(8,0)(0,0)(0,0)(0,0)(3x,0)(0,0)!(2,0)(2x,0)(0,8)(0,0)!;(0,0)!(0,2)(0,2)(0,2x)(2,0)(2,0)(2,0)(2,0)(3x,0)(0,0)!(2,0)(2x,0)(0,2)(0,2)!
(0,0)!(0,0)!(0,0)!(0,0)!(0,0)!(0,ax)!(0,0)!(0,0)!(0,0)!(0,0)!(0,0)!(0,0)!(0,0)!(0,0)!(0,0)!(f,0)!(0,0)!(0,0)!(0,0)!(0,0)!(0,0)!(0,0)!(0,0)!(0,0)!(0,0)!;(0,0)(0,0)(0,0)!(0,ax)(0,0)(0,0)(0,0)(0,0)(f,0)(0,0)(0,0)(0,0)(0,0);(0,0)(0,0)(0,0)!(0,2x)(8,0)(0,0)(0,0)(0,0)(2x,0)(0,dx)(0,0)(0,0)(0,0);(0,2)(0,2)(0,1x)!(0,2x)(2,0)(2,0)(2,0)(2,0)(2x,0)(0,2)(0,2)(0,2)(0,2)
(0,0)!(0,0)!(0,0)!(0,0)!(0,0)!(0,f)!(0,0)!(0,0)!(0,0)!(0,0)!(0,0)!(0,0)!(0,0)!(0,0)!(0,0)!(0,0)!(0,0)!(0,0)!(0,0)!(0,0)!(ax,0)!(0,0)!(0,0)!(0,0)!(0,0)!;(0,0)(0,0)(0,0)!(0,f)(0,0)(0,0)(0,0)(0,0)(0,0)(0,0)(0,0)!(ax,0)(0,0)(0,0)!;(0,0)(0,0)(0,0)!(0,2x)(dx,0)(0,0)(0,0)(0,0)(0,0)(0,0)(0,0)!(2x,0)(0,8)(0,0)!;(0,0)!(0,2)(0,2)(0,2x)(2,0)(2,0)(2,0)(2,0)(2,0)(2,0)(1x,0)!(2x,0)(0,2)(0,2)!
(0,0)!(0,0)!(0,0)!(0,0)!(0,0)!(0,fx)!(0,0)!(0,0)!(0,0)!(0,0)!(0,0)!(0,0)!(0,0)!(0,0)!(0,0)!(0,0)!(0,0)!(0,0)!(0,0)!(0,0)!(0,a)!(0,0)!(0,0)!(0,0)!(0,0)!;(0,0)(0,0)(0,0)!(0,fx)(0,0)(0,0)(0,0)(0,0)(0,0)(0,0)(0,0)!(0,a)(0,0)(0,0)!;(0,0)(0,0)(0,0)!(0,3x)(0,0)!(0,c)(0,0)(0,0)(0,0)(0,0)(0,0)(0,3x)(0,0)!(0,7x);(0,2)(0,2)(0,1x)!(0,3x)(0,0)!(0,2)(0,2)(0,2)(0,2)(0,2)(0,2)(0,3x)(0,0)!(0,2)
(0,0)!(0,0)!(0,0)!(0,0)!(0,0)!(5,0)!(0,0)!(0,0)!(0,0)!(0,0)!(0,5)!(0,0)!(0,0)!(0,0)!(0,0)!(5,0)!(0,0)!(0,0)!(0,0)!(0,0)!(0,ax)!(0,0)!(0,0)!(0,0)!(0,0)!;(0,0)(0,0)(0,0)!(5,0)(0,0)(0,0)!(0,5)(0,0)(0,0)!(5,0)(0,0)(0,0)!(0,ax)(0,0)(0,0)!;(0,0)(0,0)(0,0)!(2x,0)(0,3x)(0,0)!(0,2x)(3x,0)(0,0)!(2x,0)(0,3x)(0,0)!(0,2x)(8,0)(0,0)!;(2,0)(2,0)(2x,0)(0,2)(0,1x)!(0,2x)(2,0)(1x,0)!(2x,0)(0,2)(0,1x)!(0,2x)(2,0)(2,0)
(0,0)!(0,0)!(0,0)!(0,0)!(0,0)!(5,0)!(0,0)!(0,0)!(0,0)!(0,0)!(0,5)!(0,0)!(0,0)!(0,0)!(0,0)!(5x,0)!(0,0)!(0,0)!(0,0)!(0,0)!(a,0)!(0,0)!(0,0)!(0,0)!(0,0)!;(0,0)(0,0)(0,0)!(5,0)(0,0)(0,0)!(0,5)(0,0)(0,0)!(5x,0)(0,0)(0,0)!(a,0)(0,0)(0,0)!;(0,0)(0,0)(0,0)!(2x,0)(0,3x)(0,0)!(0,2x)(3x,0)(0,0)!(3x,0)(0,0)!(2,0)(3x,0)(0,0)!(7x,0);(2,0)(2,0)(1x,0)!(2x,0)(0,2)(0,1x)!(0,2x)(2,0)(1x,0)!(3x,0)(0,0)!(2,0)(3x,0)(0,0)!(2,0)
(0,0)!(0,0)!(0,0)!(0,0)!(0,0)!(5,0)!(0,0)!(0,0)!(0,0)!(0,0)!(0,5)!(0,0)!(0,0)!(0,0)!(0,0)!(fx,0)!(0,0)!(0,0)!(0,0)!(0,0)!(0,0)!(0,0)!(0,0)!(0,0)!(0,0)!;(0,0)(0,0)(0,0)!(5,0)(0,0)(0,0)!(0,5)(0,0)(0,0)!(fx,0)(0,0)(0,0)(0,0)(0,0);(0,0)(0,0)(0,0)!(2x,0)(0,3x)(0,0)!(0,2x)(3x,0)(0,0)!(3x,0)(0,0)!(c,0)(0,0)(0,0)(0,0)!;(2,0)(2,0)(2x,0)(0,2)(0,1x)!(0,2x)(2,0)(1x,0)!(3x,0)(0,0)!(2,0)(2,0)(2,0)(2,0)
(0,0)!(0,0)!(0,0)!(0,0)!(0,0)!(5,0)!(0,0)!(0,0)!(0,0)!(0,0)!(0,5x)!(0,0)!(0,0)!(0,0)!(0,0)!(0,5)!(0,0)!(0,0)!(0,0)!(0,0)!(a,0)!(0,0)!(0,0)!(0,0)!(0,0)!;(0,0)(0,0)(0,0)!(5,0)(0,0)(0,0)!(0,5x)(0,0)(0,0)!(0,5)(0,0)(0,0)!(a,0)(0,0)(0,0)!;(0,0)(0,0)(0,0)!(2x,0)(0,3x)(0,0)!(0,3x)(0,0)!(0,2)(0,2x)(3x,0)(0,0)!(3x,0)(0,0)!(7x,0);(2,0)(2,0)(1x,0)!(2x,0)(0,2)(0,1x)!(0,3x)(0,0)!(0,2)(0,2x)(2,0)(1x,0)!(3x,0)(0,0)!(2,0)
(0,0)!(0,0)!(0,0)!(0,0)!(0,0)!(5,0)!(0,0)!(0,0)!(0,0)!(0,0)!(0,5x)!(0,0)!(0,0)!(0,0)!(0,0)!(0,5x)!(0,0)!(0,0)!(0,0)!(0,0)!(0,ax)!(0,0)!(0,0)!(0,0)!(0,0)!;(0,0)(0,0)(0,0)!(5,0)(0,0)(0,0)!(0,5x)(0,0)(0,0)!(0,5x)(0,0)(0,0)!(0,ax)(0,0)(0,0)!;(0,0)(0,0)(0,0)!(2x,0)(0,3x)(0,0)!(0,3x)(0,0)!(0,2)(0,3x)(0,0)!(0,2)(0,2x)(8,0)(0,0)!;(2,0)(2,0)(2x,0)(0,2)(0,1x)!(0,3x)(0,0)!(0,2)(0,3x)(0,0)!(0,2)(0,2x)(2,0)(2,0)
(0,0)!(0,0)!(0,0)!(0,0)!(0,0)!(5,0)!(0,0)!(0,0)!(0,0)!(0,0)!(0,5x)!(0,0)!(0,0)!(0,0)!(0,0)!(0,f)!(0,0)!(0,0)!(0,0)!(0,0)!(0,0)!(0,0)!(0,0)!(0,0)!(0,0)!;(0,0)(0,0)(0,0)!(5,0)(0,0)(0,0)!(0,5x)(0,0)(0,0)!(0,f)(0,0)(0,0)(0,0)(0,0);(0,0)(0,0)(0,0)!(2x,0)(0,3x)(0,0)!(0,3x)(0,0)!(0,2)(0,2x)(dx,0)(0,0)(0,0)(0,0);(2,0)(2,0)(1x,0)!(2x,0)(0,2)(0,1x)!(0,3x)(0,0)!(0,2)(0,2x)(2,0)(2,0)(2,0)(2,0)
(0,0)!(0,0)!(0,0)!(0,0)!(0,0)!(5,0)!(0,0)!(0,0)!(0,0)!(0,0)!(0,a)!(0,0)!(0,0)!(0,0)!(0,0)!(0,0)!(0,0)!(0,0)!(0,0)!(0,0)!(0,ax)!(0,0)!(0,0)!(0,0)!(0,0)!;(0,0)(0,0)(0,0)!(5,0)(0,0)(0,0)!(0,a)(0,0)(0,0)(0,0)(0,0)(0,ax)(0,0)(0,0)!;(0,0)(0,0)(0,0)!(2x,0)(0,3x)(0,0)!(0,3x)(0,0)!(0,7x)(0,0)(0,0)(0,0)!(0,2x)(8,0)(0,0)!;(2,0)(2,0)(2x,0)(0,2)(0,1x)!(0,3x)(0,0)!(0,2)(0,2)(0,2)(0,1x)!(0,2x)(2,0)(2,0)
(0,0)!(0,0)!(0,0)!(0,0)!(0,0)!(5,0)!(0,0)!(0,0)!(0,0)!(0,0)!(0,ax)!(0,0)!(0,0)!(0,0)!(0,0)!(0,0)!(0,0)!(0,0)!(0,0)!(0,0)!(a,0)!(0,0)!(0,0)!(0,0)!(0,0)!;(0,0)(0,0)(0,0)!(5,0)(0,0)(0,0)!(0,ax)(0,0)(0,0)(0,0)(0,0)(a,0)(0,0)(0,0)!;(0,0)(0,0)(0,0)!(2x,0)(0,3x)(0,0)!(0,2x)(8,0)(0,0)(0,0)(0,0)(3x,0)(0,0)!(7x,0);(2,0)(2,0)(1x,0)!(2x,0)(0,2)(0,1x)!(0,2x)(2,0)(2,0)(2,0)(2,0)(3x,0)(0,0)!(2,0)
(0,0)!(0,0)!(0,0)!(0,0)!(0,0)!(5x,0)!(0,0)!(0,0)!(0,0)!(0,0)!(5,0)!(0,0)!(0,0)!(0,0)!(0,0)!(0,5)!(0,0)!(0,0)!(0,0)!(0,0)!(a,0)!(0,0)!(0,0)!(0,0)!(0,0)!;(0,0)(0,0)(0,0)!(5x,0)(0,0)(0,0)!(5,0)(0,0)(0,0)!(0,5)(0,0)(0,0)!(a,0)(0,0)(0,0)!;(0,0)(0,0)(0,0)!(3x,0)(0,0)!(2,0)(2x,0)(0,3x)(0,0)!(0,2x)(3x,0)(0,0)!(3x,0)(0,0)!(7x,0);(2,0)(2,0)(1x,0)!(3x,0)(0,0)!(2,0)(2x,0)(0,2)(0,1x)!(0,2x)(2,0)(1x,0)!(3x,0)(0,0)!(2,0)
(0,0)!(0,0)!(0,0)!(0,0)!(0,0)!(5x,0)!(0,0)!(0,0)!(0,0)!(0,0)!(5,0)!(0,0)!(0,0)!(0,0)!(0,0)!(0,5x)!(0,0)!(0,0)!(0,0)!(0,0)!(0,ax)!(0,0)!(0,0)!(0,0)!(0,0)!;(0,0)(0,0)(0,0)!(5x,0)(0,0)(0,0)!(5,0)(0,0)(0,0)!(0,5x)(0,0)(0,0)!(0,ax)(0,0)(0,0)!;(0,0)(0,0)(0,0)!(3x,0)(0,0)!(2,0)(2x,0)(0,3x)(0,0)!(0,3x)(0,0)!(0,2)(0,2x)(8,0)(0,0)!;(2,0)(2,0)(3x,0)(0,0)!(2,0)(2x,0)(0,2)(0,1x)!(0,3x)(0,0)!(0,2)(0,2x)(2,0)(2,0)
(0,0)!(0,0)!(0,0)!(0,0)!(0,0)!(5x,0)!(0,0)!(0,0)!(0,0)!(0,0)!(5,0)!(0,0)!(0,0)!(0,0)!(0,0)!(0,f)!(0,0)!(0,0)!(0,0)!(0,0)!(0,0)!(0,0)!(0,0)!(0,0)!(0,0)!;(0,0)(0,0)(0,0)!(5x,0)(0,0)(0,0)!(5,0)(0,0)(0,0)!(0,f)(0,0)(0,0)(0,0)(0,0);(0,0)(0,0)(0,0)!(3x,0)(0,0)!(2,0)(2x,0)(0,3x)(0,0)!(0,2x)(dx,0)(0,0)(0,0)(0,0);(2,0)(2,0)(1x,0)!(3x,0)(0,0)!(2,0)(2x,0)(0,2)(0,1x)!(0,2x)(2,0)(2,0)(2,0)(2,0)
(0,0)!(0,0)!(0,0)!(0,0)!(0,0)!(5x,0)!(0,0)!(0,0)!(0,0)!(0,0)!(5x,0)!(0,0)!(0,0)!(0,0)!(0,0)!(5,0)!(0,0)!(0,0)!(0,0)!(0,0)!(0,ax)!(0,0)!(0,0)!(0,0)!(0,0)!;(0,0)(0,0)(0,0)!(5x,0)(0,0)(0,0)!(5x,0)(0,0)(0,0)!(5,0)(0,0)(0,0)!(0,ax)(0,0)(0,0)!;(0,0)(0,0)(0,0)!(3x,0)(0,0)!(2,0)(3x,0)(0,0)!(2,0)(2x,0)(0,3x)(0,0)!(0,2x)(8,0)(0,0)!;(2,0)(2,0)(3x,0)(0,0)!(2,0)(3x,0)(0,0)!(2,0)(2x,0)(0,2)(0,1x)!(0,2x)(2,0)(2,0)
(0,0)!(0,0)!(0,0)!(0,0)!(0,0)!(5x,0)!(0,0)!(0,0)!(0,0)!(0,0)!(5x,0)!(0,0)!(0,0)!(0,0)!(0,0)!(5x,0)!(0,0)!(0,0)!(0,0)!(0,0)!(a,0)!(0,0)!(0,0)!(0,0)!(0,0)!;(0,0)(0,0)(0,0)!(5x,0)(0,0)(0,0)!(5x,0)(0,0)(0,0)!(5x,0)(0,0)(0,0)!(a,0)(0,0)(0,0)!;(0,0)(0,0)(0,0)!(3x,0)(0,0)!(2,0)(3x,0)(0,0)!(2,0)(3x,0)(0,0)!(2,0)(3x,0)(0,0)!(7x,0);(2,0)(2,0)(1x,0)!(3x,0)(0,0)!(2,0)(3x,0)(0,0)!(2,0)(3x,0)(0,0)!(2,0)(3x,0)(0,0)!(2,0)
(0,0)!(0,0)!(0,0)!(0,0)!(0,0)!(5x,0)!(0,0)!(0,0)!(0,0)!(0,0)!(5x,0)!(0,0)!(0,0)!(0,0)!(0,0)!(fx,0)!(0,0)!(0,0)!(0,0)!(0,0)!(0,0)!(0,0)!(0,0)!(0,0)!(0,0)!;(0,0)(0,0)(0,0)!(5x,0)(0,0)(0,0)!(5x,0)(0,0)(0,0)!(fx,0)(0,0)(0,0)(0,0)(0,0);(0,0)(0,0)(0,0)!(3x,0)(0,0)!(2,0)(3x,0)(0,0)!(2,0)(3x,0)(0,0)!(c,0)(0,0)(0,0)(0,0)!;(2,0)(2,0)(3x,0)(0,0)!(2,0)(3x,0)(0,0)!(2,0)(3x,0)(0,0)!(2,0)(2,0)(2,0)(2,0)
(0,0)!(0,0)!(0,0)!(0,0)!(0,0)!(5x,0)!(0,0)!(0,0)!(0,0)!(0,0)!(a,0)!(0,0)!(0,0)!(0,0)!(0,0)!(0,0)!(0,0)!(0,0)!(0,0)!(0,0)!(a,0)!(0,0)!(0,0)!(0,0)!(0,0)!;(0,0)(0,0)(0,0)!(5x,0)(0,0)(0,0)!(a,0)(0,0)(0,0)(0,0)(0,0)(a,0)(0,0)(0,0)!;(0,0)(0,0)(0,0)!(3x,0)(0,0)!(2,0)(3x,0)(0,0)!(7x,0)(0,0)(0,0)(0,0)!(3x,0)(0,0)!(7x,0);(2,0)(2,0)(1x,0)!(3x,0)(0,0)!(2,0)(3x,0)(0,0)!(2,0)(2,0)(2,0)(1x,0)!(3x,0)(0,0)!(2,0)
(0,0)!(0,0)!(0,0)!(0,0)!(0,0)!(5x,0)!(0,0)!(0,0)!(0,0)!(0,0)!(ax,0)!(0,0)!(0,0)!(0,0)!(0,0)!(0,0)!(0,0)!(0,0)!(0,0)!(0,0)!(0,ax)!(0,0)!(0,0)!(0,0)!(0,0)!;(0,0)(0,0)(0,0)!(5x,0)(0,0)(0,0)!(ax,0)(0,0)(0,0)(0,0)(0,0)(0,ax)(0,0)(0,0)!;(0,0)(0,0)(0,0)!(3x,0)(0,0)!(2,0)(2x,0)(0,8)(0,0)(0,0)(0,0)(0,2x)(8,0)(0,0)!;(2,0)(2,0)(3x,0)(0,0)!(2,0)(2x,0)(0,2)(0,2)(0,2)(0,2)(0,2x)(2,0)(2,0)
(0,0)!(0,0)!(0,0)!(0,0)!(0,0)!(a,0)!(0,0)!(0,0)!(0,0)!(0,0)!(0,0)!(0,0)!(0,0)!(0,0)!(0,0)!(5,0)!(0,0)!(0,0)!(0,0)!(0,0)!(0,ax)!(0,0)!(0,0)!(0,0)!(0,0)!;(0,0)(0,0)(0,0)!(a,0)(0,0)(0,0)(0,0)(0,0)(5,0)(0,0)(0,0)!(0,ax)(0,0)(0,0)!;(0,0)(0,0)(0,0)!(3x,0)(0,0)!(7x,0)(0,0)(0,0)(0,0)!(2x,0)(0,3x)(0,0)!(0,2x)(8,0)(0,0)!;(2,0)(2,0)(3x,0)(0,0)!(2,0)(2,0)(2,0)(1x,0)!(2x,0)(0,2)(0,1x)!(0,2x)(2,0)(2,0)
(0,0)!(0,0)!(0,0)!(0,0)!(0,0)!(a,0)!(0,0)!(0,0)!(0,0)!(0,0)!(0,0)!(0,0)!(0,0)!(0,0)!(0,0)!(5x,0)!(0,0)!(0,0)!(0,0)!(0,0)!(a,0)!(0,0)!(0,0)!(0,0)!(0,0)!;(0,0)(0,0)(0,0)!(a,0)(0,0)(0,0)(0,0)(0,0)(5x,0)(0,0)(0,0)!(a,0)(0,0)(0,0)!;(0,0)(0,0)(0,0)!(3x,0)(0,0)!(7x,0)(0,0)(0,0)(0,0)!(3x,0)(0,0)!(2,0)(3x,0)(0,0)!(7x,0);(2,0)(2,0)(1x,0)!(3x,0)(0,0)!(2,0)(2,0)(2,0)(1x,0)!(3x,0)(0,0)!(2,0)(3x,0)(0,0)!(2,0)
(0,0)!(0,0)!(0,0)!(0,0)!(0,0)!(a,0)!(0,0)!(0,0)!(0,0)!(0,0)!(0,0)!(0,0)!(0,0)!(0,0)!(0,0)!(fx,0)!(0,0)!(0,0)!(0,0)!(0,0)!(0,0)!(0,0)!(0,0)!(0,0)!(0,0)!;(0,0)(0,0)(0,0)!(a,0)(0,0)(0,0)(0,0)(0,0)(fx,0)(0,0)(0,0)(0,0)(0,0);(0,0)(0,0)(0,0)!(3x,0)(0,0)!(7x,0)(0,0)(0,0)(0,0)!(3x,0)(0,0)!(c,0)(0,0)(0,0)(0,0)!;(2,0)(2,0)(3x,0)(0,0)!(2,0)(2,0)(2,0)(1x,0)!(3x,0)(0,0)!(2,0)(2,0)(2,0)(2,0)
(0,0)!(0,0)!(0,0)!(0,0)!(0,0)!(ax,0)!(0,0)!(0,0)!(0,0)!(0,0)!(0,0)!(0,0)!(0,0)!(0,0)!(0,0)!(0,5)!(0,0)!(0,0)!(0,0)!(0,0)!(a,0)!(0,0)!(0,0)!(0,0)!(0,0)!;(0,0)(0,0)(0,0)!(ax,0)(0,0)(0,0)(0,0)(0,0)(0,5)(0,0)(0,0)!(a,0)(0,0)(0,0)!;(0,0)(0,0)(0,0)!(2x,0)(0,8)(0,0)(0,0)(0,0)(0,2x)(3x,0)(0,0)!(3x,0)(0,0)!(7x,0);(2,0)(2,0)(1x,0)!(2x,0)(0,2)(0,2)(0,2)(0,2)(0,2x)(2,0)(1x,0)!(3x,0)(0,0)!(2,0)
(0,0)!(0,0)!(0,0)!(0,0)!(0,0)!(ax,0)!(0,0)!(0,0)!(0,0)!(0,0)!(0,0)!(0,0)!(0,0)!(0,0)!(0,0)!(0,5x)!(0,0)!(0,0)!(0,0)!(0,0)!(0,ax)!(0,0)!(0,0)!(0,0)!(0,0)!;(0,0)(0,0)(0,0)!(ax,0)(0,0)(0,0)(0,0)(0,0)(0,5x)(0,0)(0,0)!(0,ax)(0,0)(0,0)!;(0,0)(0,0)(0,0)!(2x,0)(0,8)(0,0)(0,0)(0,0)(0,3x)(0,0)!(0,2)(0,2x)(8,0)(0,0)!;(2,0)(2,0)(2x,0)(0,2)(0,2)(0,2)(0,2)(0,3x)(0,0)!(0,2)(0,2x)(2,0)(2,0)
(0,0)!(0,0)!(0,0)!(0,0)!(0,0)!(ax,0)!(0,0)!(0,0)!(0,0)!(0,0)!(0,0)!(0,0)!(0,0)!(0,0)!(0,0)!(0,f)!(0,0)!(0,0)!(0,0)!(0,0)!(0,0)!(0,0)!(0,0)!(0,0)!(0,0)!;(0,0)(0,0)(0,0)!(ax,0)(0,0)(0,0)(0,0)(0,0)(0,f)(0,0)(0,0)(0,0)(0,0);(0,0)(0,0)(0,0)!(2x,0)(0,8)(0,0)(0,0)(0,0)(0,2x)(dx,0)(0,0)(0,0)(0,0);(2,0)(2,0)(1x,0)!(2x,0)(0,2)(0,2)(0,2)(0,2)(0,2x)(2,0)(2,0)(2,0)(2,0)
(0,0)!(0,0)!(0,0)!(0,0)!(0,0)!(f,0)!(0,0)!(0,0)!(0,0)!(0,0)!(0,0)!(0,0)!(0,0)!(0,0)!(0,0)!(0,0)!(0,0)!(0,0)!(0,0)!(0,0)!(0,ax)!(0,0)!(0,0)!(0,0)!(0,0)!;(0,0)(0,0)(0,0)!(f,0)(0,0)(0,0)(0,0)(0,0)(0,0)(0,0)(0,0)!(0,ax)(0,0)(0,0)!;(0,0)(0,0)(0,0)!(2x,0)(0,dx)(0,0)(0,0)(0,0)(0,0)(0,0)(0,0)!(0,2x)(8,0)(0,0)!;(2,0)(2,0)(2x,0)(0,2)(0,2)(0,2)(0,2)(0,2)(0,2)(0,1x)!(0,2x)(2,0)(2,0)
(0,0)!(0,0)!(0,0)!(0,0)!(0,0)!(fx,0)!(0,0)!(0,0)!(0,0)!(0,0)!(0,0)!(0,0)!(0,0)!(0,0)!(0,0)!(0,0)!(0,0)!(0,0)!(0,0)!(0,0)!(a,0)!(0,0)!(0,0)!(0,0)!(0,0)!;(0,0)(0,0)(0,0)!(fx,0)(0,0)(0,0)(0,0)(0,0)(0,0)(0,0)(0,0)!(a,0)(0,0)(0,0)!;(0,0)(0,0)(0,0)!(3x,0)(0,0)!(c,0)(0,0)(0,0)(0,0)(0,0)(0,0)(3x,0)(0,0)!(7x,0);(2,0)(2,0)(1x,0)!(3x,0)(0,0)!(2,0)(2,0)(2,0)(2,0)(2,0)(2,0)(3x,0)(0,0)!(2,0)
(0,5)!(0,0)!(0,0)!(0,0)!(0,0)!(5,0)!(0,0)!(0,0)!(0,0)!(0,0)!(0,5)!(0,0)!(0,0)!(0,0)!(0,0)!(5,0)!(0,0)!(0,0)!(0,0)!(0,0)!(0,5x)!(0,0)!(0,0)!(0,0)!(0,0)!;(0,5)(0,0)(0,0)!(5,0)(0,0)(0,0)!(0,5)(0,0)(0,0)!(5,0)(0,0)(0,0)!(0,5x)(0,0)(0,0)!;(0,2x)(3x,0)(0,0)!(2x,0)(0,3x)(0,0)!(0,2x)(3x,0)(0,0)!(2x,0)(0,3x)(0,0)!(0,3x)(0,0)!(0,2);(0,2x)(2,0)(1x,0)!(2x,0)(0,2)(0,1x)!(0,2x)(2,0)(1x,0)!(2x,0)(0,2)(0,1x)!(0,3x)(0,0)!(0,2)
(0,5)!(0,0)!(0,0)!(0,0)!(0,0)!(5,0)!(0,0)!(0,0)!(0,0)!(0,0)!(0,5)!(0,0)!(0,0)!(0,0)!(0,0)!(5x,0)!(0,0)!(0,0)!(0,0)!(0,0)!(5,0)!(0,0)!(0,0)!(0,0)!(0,0)!;(0,5)(0,0)(0,0)!(5,0)(0,0)(0,0)!(0,5)(0,0)(0,0)!(5x,0)(0,0)(0,0)!(5,0)(0,0)(0,0)!;(0,2x)(3x,0)(0,0)!(2x,0)(0,3x)(0,0)!(0,2x)(3x,0)(0,0)!(3x,0)(0,0)!(2,0)(2x,0)(0,3x)(0,0)!;(0,2x)(2,0)(1x,0)!(2x,0)(0,2)(0,1x)!(0,2x)(2,0)(1x,0)!(3x,0)(0,0)!(2,0)(2x,0)(0,2)(0,1x)!
(0,5)!(0,0)!(0,0)!(0,0)!(0,0)!(5,0)!(0,0)!(0,0)!(0,0)!(0,0)!(0,5)!(0,0)!(0,0)!(0,0)!(0,0)!(ax,0)!(0,0)!(0,0)!(0,0)!(0,0)!(0,0)!(0,0)!(0,0)!(0,0)!(0,0)!;(0,5)(0,0)(0,0)!(5,0)(0,0)(0,0)!(0,5)(0,0)(0,0)!(ax,0)(0,0)(0,0)(0,0)(0,0);(0,2x)(3x,0)(0,0)!(2x,0)(0,3x)(0,0)!(0,2x)(3x,0)(0,0)!(2x,0)(0,8)(0,0)(0,0)(0,0);(0,2x)(2,0)(1x,0)!(2x,0)(0,2)(0,1x)!(0,2x)(2,0)(1x,0)!(2x,0)(0,2)(0,2)(0,2)(0,2)
(0,5)!(0,0)!(0,0)!(0,0)!(0,0)!(5,0)!(0,0)!(0,0)!(0,0)!(0,0)!(0,5x)!(0,0)!(0,0)!(0,0)!(0,0)!(0,5)!(0,0)!(0,0)!(0,0)!(0,0)!(5,0)!(0,0)!(0,0)!(0,0)!(0,0)!;(0,5)(0,0)(0,0)!(5,0)(0,0)(0,0)!(0,5x)(0,0)(0,0)!(0,5)(0,0)(0,0)!(5,0)(0,0)(0,0)!;(0,2x)(3x,0)(0,0)!(2x,0)(0,3x)(0,0)!(0,3x)(0,0)!(0,2)(0,2x)(3x,0)(0,0)!(2x,0)(0,3x)(0,0)!;(0,2x)(2,0)(1x,0)!(2x,0)(0,2)(0,1x)!(0,3x)(0,0)!(0,2)(0,2x)(2,0)(1x,0)!(2x,0)(0,2)(0,1x)!
(0,5)!(0,0)!(0,0)!(0,0)!(0,0)!(5,0)!(0,0)!(0,0)!(0,0)!(0,0)!(0,5x)!(0,0)!(0,0)!(0,0)!(0,0)!(0,5x)!(0,0)!(0,0)!(0,0)!(0,0)!(0,5x)!(0,0)!(0,0)!(0,0)!(0,0)!;(0,5)(0,0)(0,0)!(5,0)(0,0)(0,0)!(0,5x)(0,0)(0,0)!(0,5x)(0,0)(0,0)!(0,5x)(0,0)(0,0)!;(0,2x)(3x,0)(0,0)!(2x,0)(0,3x)(0,0)!(0,3x)(0,0)!(0,2)(0,3x)(0,0)!(0,2)(0,3x)(0,0)!(0,2);(0,2x)(2,0)(1x,0)!(2x,0)(0,2)(0,1x)!(0,3x)(0,0)!(0,2)(0,3x)(0,0)!(0,2)(0,3x)(0,0)!(0,2)
(0,5)!(0,0)!(0,0)!(0,0)!(0,0)!(5,0)!(0,0)!(0,0)!(0,0)!(0,0)!(0,5x)!(0,0)!(0,0)!(0,0)!(0,0)!(0,a)!(0,0)!(0,0)!(0,0)!(0,0)!(0,0)!(0,0)!(0,0)!(0,0)!(0,0)!;(0,5)(0,0)(0,0)!(5,0)(0,0)(0,0)!(0,5x)(0,0)(0,0)!(0,a)(0,0)(0,0)(0,0)(0,0);(0,2x)(3x,0)(0,0)!(2x,0)(0,3x)(0,0)!(0,3x)(0,0)!(0,2)(0,3x)(0,0)!(0,7x)(0,0)(0,0)(0,0)!;(0,2x)(2,0)(1x,0)!(2x,0)(0,2)(0,1x)!(0,3x)(0,0)!(0,2)(0,3x)(0,0)!(0,2)(0,2)(0,2)(0,1x)!
(0,5)!(0,0)!(0,0)!(0,0)!(0,0)!(5,0)!(0,0)!(0,0)!(0,0)!(0,0)!(0,a)!(0,0)!(0,0)!(0,0)!(0,0)!(0,0)!(0,0)!(0,0)!(0,0)!(0,0)!(0,5x)!(0,0)!(0,0)!(0,0)!(0,0)!;(0,5)(0,0)(0,0)!(5,0)(0,0)(0,0)!(0,a)(0,0)(0,0)(0,0)(0,0)(0,5x)(0,0)(0,0)!;(0,2x)(3x,0)(0,0)!(2x,0)(0,3x)(0,0)!(0,3x)(0,0)!(0,7x)(0,0)(0,0)(0,0)!(0,3x)(0,0)!(0,2);(0,2x)(2,0)(1x,0)!(2x,0)(0,2)(0,1x)!(0,3x)(0,0)!(0,2)(0,2)(0,2)(0,1x)!(0,3x)(0,0)!(0,2)
(0,5)!(0,0)!(0,0)!(0,0)!(0,0)!(5,0)!(0,0)!(0,0)!(0,0)!(0,0)!(0,ax)!(0,0)!(0,0)!(0,0)!(0,0)!(0,0)!(0,0)!(0,0)!(0,0)!(0,0)!(5,0)!(0,0)!(0,0)!(0,0)!(0,0)!;(0,5)(0,0)(0,0)!(5,0)(0,0)(0,0)!(0,ax)(0,0)(0,0)(0,0)(0,0)(5,0)(0,0)(0,0)!;(0,2x)(3x,0)(0,0)!(2x,0)(0,3x)(0,0)!(0,2x)(8,0)(0,0)(0,0)(0,0)(2x,0)(0,3x)(0,0)!;(0,2x)(2,0)(1x,0)!(2x,0)(0,2)(0,1x)!(0,2x)(2,0)(2,0)(2,0)(2,0)(2x,0)(0,2)(0,1x)!
(0,5)!(0,0)!(0,0)!(0,0)!(0,0)!(5,0)!(0,0)!(0,0)!(0,0)!(0,0)!(0,fx)!(0,0)!(0,0)!(0,0)!(0,0)!(0,0)!(0,0)!(0,0)!(0,0)!(0,0)!(0,0)!(0,0)!(0,0)!(0,0)!(0,0)!;(0,5)(0,0)(0,0)!(5,0)(0,0)(0,0)!(0,fx)(0,0)(0,0)(0,0)(0,0)(0,0)(0,0)(0,0)!;(0,2x)(3x,0)(0,0)!(2x,0)(0,3x)(0,0)!(0,3x)(0,0)!(0,c)(0,0)(0,0)(0,0)(0,0)(0,0);(0,2x)(2,0)(1x,0)!(2x,0)(0,2)(0,1x)!(0,3x)(0,0)!(0,2)(0,2)(0,2)(0,2)(0,2)(0,2)
(0,5)!(0,0)!(0,0)!(0,0)!(0,0)!(5x,0)!(0,0)!(0,0)!(0,0)!(0,0)!(5,0)!(0,0)!(0,0)!(0,0)!(0,0)!(0,5)!(0,0)!(0,0)!(0,0)!(0,0)!(5,0)!(0,0)!(0,0)!(0,0)!(0,0)!;(0,5)(0,0)(0,0)!(5x,0)(0,0)(0,0)!(5,0)(0,0)(0,0)!(0,5)(0,0)(0,0)!(5,0)(0,0)(0,0)!;(0,2x)(3x,0)(0,0)!(3x,0)(0,0)!(2,0)(2x,0)(0,3x)(0,0)!(0,2x)(3x,0)(0,0)!(2x,0)(0,3x)(0,0)!;(0,2x)(2,0)(1x,0)!(3x,0)(0,0)!(2,0)(2x,0)(0,2)(0,1x)!(0,2x)(2,0)(1x,0)!(2x,0)(0,2)(0,1x)!
(0,5)!(0,0)!(0,0)!(0,0)!(0,0)!(5x,0)!(0,0)!(0,0)!(0,0)!(0,0)!(5,0)!(0,0)!(0,0)!(0,0)!(0,0)!(0,5x)!(0,0)!(0,0)!(0,0)!(0,0)!(0,5x)!(0,0)!(0,0)!(0,0)!(0,0)!;(0,5)(0,0)(0,0)!(5x,0)(0,0)(0,0)!(5,0)(0,0)(0,0)!(0,5x)(0,0)(0,0)!(0,5x)(0,0)(0,0)!;(0,2x)(3x,0)(0,0)!(3x,0)(0,0)!(2,0)(2x,0)(0,3x)(0,0)!(0,3x)(0,0)!(0,2)(0,3x)(0,0)!(0,2);(0,2x)(2,0)(1x,0)!(3x,0)(0,0)!(2,0)(2x,0)(0,2)(0,1x)!(0,3x)(0,0)!(0,2)(0,3x)(0,0)!(0,2)
(0,5)!(0,0)!(0,0)!(0,0)!(0,0)!(5x,0)!(0,0)!(0,0)!(0,0)!(0,0)!(5,0)!(0,0)!(0,0)!(0,0)!(0,0)!(0,a)!(0,0)!(0,0)!(0,0)!(0,0)!(0,0)!(0,0)!(0,0)!(0,0)!(0,0)!;(0,5)(0,0)(0,0)!(5x,0)(0,0)(0,0)!(5,0)(0,0)(0,0)!(0,a)(0,0)(0,0)(0,0)(0,0);(0,2x)(3x,0)(0,0)!(3x,0)(0,0)!(2,0)(2x,0)(0,3x)(0,0)!(0,3x)(0,0)!(0,7x)(0,0)(0,0)(0,0)!;(0,2x)(2,0)(1x,0)!(3x,0)(0,0)!(2,0)(2x,0)(0,2)(0,1x)!(0,3x)(0,0)!(0,2)(0,2)(0,2)(0,1x)!
(0,5)!(0,0)!(0,0)!(0,0)!(0,0)!(5x,0)!(0,0)!(0,0)!(0,0)!(0,0)!(5x,0)!(0,0)!(0,0)!(0,0)!(0,0)!(5,0)!(0,0)!(0,0)!(0,0)!(0,0)!(0,5x)!(0,0)!(0,0)!(0,0)!(0,0)!;(0,5)(0,0)(0,0)!(5x,0)(0,0)(0,0)!(5x,0)(0,0)(0,0)!(5,0)(0,0)(0,0)!(0,5x)(0,0)(0,0)!;(0,2x)(3x,0)(0,0)!(3x,0)(0,0)!(2,0)(3x,0)(0,0)!(2,0)(2x,0)(0,3x)(0,0)!(0,3x)(0,0)!(0,2);(0,2x)(2,0)(1x,0)!(3x,0)(0,0)!(2,0)(3x,0)(0,0)!(2,0)(2x,0)(0,2)(0,1x)!(0,3x)(0,0)!(0,2)
(0,5)!(0,0)!(0,0)!(0,0)!(0,0)!(5x,0)!(0,0)!(0,0)!(0,0)!(0,0)!(5x,0)!(0,0)!(0,0)!(0,0)!(0,0)!(5x,0)!(0,0)!(0,0)!(0,0)!(0,0)!(5,0)!(0,0)!(0,0)!(0,0)!(0,0)!;(0,5)(0,0)(0,0)!(5x,0)(0,0)(0,0)!(5x,0)(0,0)(0,0)!(5x,0)(0,0)(0,0)!(5,0)(0,0)(0,0)!;(0,2x)(3x,0)(0,0)!(3x,0)(0,0)!(2,0)(3x,0)(0,0)!(2,0)(3x,0)(0,0)!(2,0)(2x,0)(0,3x)(0,0)!;(0,2x)(2,0)(1x,0)!(3x,0)(0,0)!(2,0)(3x,0)(0,0)!(2,0)(3x,0)(0,0)!(2,0)(2x,0)(0,2)(0,1x)!
(0,5)!(0,0)!(0,0)!(0,0)!(0,0)!(5x,0)!(0,0)!(0,0)!(0,0)!(0,0)!(5x,0)!(0,0)!(0,0)!(0,0)!(0,0)!(ax,0)!(0,0)!(0,0)!(0,0)!(0,0)!(0,0)!(0,0)!(0,0)!(0,0)!(0,0)!;(0,5)(0,0)(0,0)!(5x,0)(0,0)(0,0)!(5x,0)(0,0)(0,0)!(ax,0)(0,0)(0,0)(0,0)(0,0);(0,2x)(3x,0)(0,0)!(3x,0)(0,0)!(2,0)(3x,0)(0,0)!(2,0)(2x,0)(0,8)(0,0)(0,0)(0,0);(0,2x)(2,0)(1x,0)!(3x,0)(0,0)!(2,0)(3x,0)(0,0)!(2,0)(2x,0)(0,2)(0,2)(0,2)(0,2)
(0,5)!(0,0)!(0,0)!(0,0)!(0,0)!(5x,0)!(0,0)!(0,0)!(0,0)!(0,0)!(a,0)!(0,0)!(0,0)!(0,0)!(0,0)!(0,0)!(0,0)!(0,0)!(0,0)!(0,0)!(5,0)!(0,0)!(0,0)!(0,0)!(0,0)!;(0,5)(0,0)(0,0)!(5x,0)(0,0)(0,0)!(a,0)(0,0)(0,0)(0,0)(0,0)(5,0)(0,0)(0,0)!;(0,2x)(3x,0)(0,0)!(3x,0)(0,0)!(2,0)(3x,0)(0,0)!(7x,0)(0,0)(0,0)(0,0)!(2x,0)(0,3x)(0,0)!;(0,2x)(2,0)(1x,0)!(3x,0)(0,0)!(2,0)(3x,0)(0,0)!(2,0)(2,0)(2,0)(1x,0)!(2x,0)(0,2)(0,1x)!
(0,5)!(0,0)!(0,0)!(0,0)!(0,0)!(5x,0)!(0,0)!(0,0)!(0,0)!(0,0)!(ax,0)!(0,0)!(0,0)!(0,0)!(0,0)!(0,0)!(0,0)!(0,0)!(0,0)!(0,0)!(0,5x)!(0,0)!(0,0)!(0,0)!(0,0)!;(0,5)(0,0)(0,0)!(5x,0)(0,0)(0,0)!(ax,0)(0,0)(0,0)(0,0)(0,0)(0,5x)(0,0)(0,0)!;(0,2x)(3x,0)(0,0)!(3x,0)(0,0)!(2,0)(2x,0)(0,8)(0,0)(0,0)(0,0)(0,3x)(0,0)!(0,2);(0,2x)(2,0)(1x,0)!(3x,0)(0,0)!(2,0)(2x,0)(0,2)(0,2)(0,2)(0,2)(0,3x)(0,0)!(0,2)
(0,5)!(0,0)!(0,0)!(0,0)!(0,0)!(5x,0)!(0,0)!(0,0)!(0,0)!(0,0)!(f,0)!(0,0)!(0,0)!(0,0)!(0,0)!(0,0)!(0,0)!(0,0)!(0,0)!(0,0)!(0,0)!(0,0)!(0,0)!(0,0)!(0,0)!;(0,5)(0,0)(0,0)!(5x,0)(0,0)(0,0)!(f,0)(0,0)(0,0)(0,0)(0,0)(0,0)(0,0)(0,0)!;(0,2x)(3x,0)(0,0)!(3x,0)(0,0)!(2,0)(2x,0)(0,dx)(0,0)(0,0)(0,0)(0,0)(0,0)(0,0)!;(0,2x)(2,0)(1x,0)!(3x,0)(0,0)!(2,0)(2x,0)(0,2)(0,2)(0,2)(0,2)(0,2)(0,2)(0,1x)!
(0,5)!(0,0)!(0,0)!(0,0)!(0,0)!(a,0)!(0,0)!(0,0)!(0,0)!(0,0)!(0,0)!(0,0)!(0,0)!(0,0)!(0,0)!(5,0)!(0,0)!(0,0)!(0,0)!(0,0)!(0,5x)!(0,0)!(0,0)!(0,0)!(0,0)!;(0,5)(0,0)(0,0)!(a,0)(0,0)(0,0)(0,0)(0,0)(5,0)(0,0)(0,0)!(0,5x)(0,0)(0,0)!;(0,2x)(3x,0)(0,0)!(3x,0)(0,0)!(7x,0)(0,0)(0,0)(0,0)!(2x,0)(0,3x)(0,0)!(0,3x)(0,0)!(0,2);(0,2x)(2,0)(1x,0)!(3x,0)(0,0)!(2,0)(2,0)(2,0)(1x,0)!(2x,0)(0,2)(0,1x)!(0,3x)(0,0)!(0,2)
(0,5)!(0,0)!(0,0)!(0,0)!(0,0)!(a,0)!(0,0)!(0,0)!(0,0)!(0,0)!(0,0)!(0,0)!(0,0)!(0,0)!(0,0)!(5x,0)!(0,0)!(0,0)!(0,0)!(0,0)!(5,0)!(0,0)!(0,0)!(0,0)!(0,0)!;(0,5)(0,0)(0,0)!(a,0)(0,0)(0,0)(0,0)(0,0)(5x,0)(0,0)(0,0)!(5,0)(0,0)(0,0)!;(0,2x)(3x,0)(0,0)!(3x,0)(0,0)!(7x,0)(0,0)(0,0)(0,0)!(3x,0)(0,0)!(2,0)(2x,0)(0,3x)(0,0)!;(0,2x)(2,0)(1x,0)!(3x,0)(0,0)!(2,0)(2,0)(2,0)(1x,0)!(3x,0)(0,0)!(2,0)(2x,0)(0,2)(0,1x)!
(0,5)!(0,0)!(0,0)!(0,0)!(0,0)!(a,0)!(0,0)!(0,0)!(0,0)!(0,0)!(0,0)!(0,0)!(0,0)!(0,0)!(0,0)!(ax,0)!(0,0)!(0,0)!(0,0)!(0,0)!(0,0)!(0,0)!(0,0)!(0,0)!(0,0)!;(0,5)(0,0)(0,0)!(a,0)(0,0)(0,0)(0,0)(0,0)(ax,0)(0,0)(0,0)(0,0)(0,0);(0,2x)(3x,0)(0,0)!(3x,0)(0,0)!(7x,0)(0,0)(0,0)(0,0)!(2x,0)(0,8)(0,0)(0,0)(0,0);(0,2x)(2,0)(1x,0)!(3x,0)(0,0)!(2,0)(2,0)(2,0)(1x,0)!(2x,0)(0,2)(0,2)(0,2)(0,2)
(0,5)!(0,0)!(0,0)!(0,0)!(0,0)!(ax,0)!(0,0)!(0,0)!(0,0)!(0,0)!(0,0)!(0,0)!(0,0)!(0,0)!(0,0)!(0,5)!(0,0)!(0,0)!(0,0)!(0,0)!(5,0)!(0,0)!(0,0)!(0,0)!(0,0)!;(0,5)(0,0)(0,0)!(ax,0)(0,0)(0,0)(0,0)(0,0)(0,5)(0,0)(0,0)!(5,0)(0,0)(0,0)!;(0,2x)(3x,0)(0,0)!(2x,0)(0,8)(0,0)(0,0)(0,0)(0,2x)(3x,0)(0,0)!(2x,0)(0,3x)(0,0)!;(0,2x)(2,0)(1x,0)!(2x,0)(0,2)(0,2)(0,2)(0,2)(0,2x)(2,0)(1x,0)!(2x,0)(0,2)(0,1x)!
(0,5)!(0,0)!(0,0)!(0,0)!(0,0)!(ax,0)!(0,0)!(0,0)!(0,0)!(0,0)!(0,0)!(0,0)!(0,0)!(0,0)!(0,0)!(0,5x)!(0,0)!(0,0)!(0,0)!(0,0)!(0,5x)!(0,0)!(0,0)!(0,0)!(0,0)!;(0,5)(0,0)(0,0)!(ax,0)(0,0)(0,0)(0,0)(0,0)(0,5x)(0,0)(0,0)!(0,5x)(0,0)(0,0)!;(0,2x)(3x,0)(0,0)!(2x,0)(0,8)(0,0)(0,0)(0,0)(0,3x)(0,0)!(0,2)(0,3x)(0,0)!(0,2);(0,2x)(2,0)(1x,0)!(2x,0)(0,2)(0,2)(0,2)(0,2)(0,3x)(0,0)!(0,2)(0,3x)(0,0)!(0,2)
(0,5)!(0,0)!(0,0)!(0,0)!(0,0)!(ax,0)!(0,0)!(0,0)!(0,0)!(0,0)!(0,0)!(0,0)!(0,0)!(0,0)!(0,0)!(0,a)!(0,0)!(0,0)!(0,0)!(0,0)!(0,0)!(0,0)!(0,0)!(0,0)!(0,0)!;(0,5)(0,0)(0,0)!(ax,0)(0,0)(0,0)(0,0)(0,0)(0,a)(0,0)(0,0)(0,0)(0,0);(0,2x)(3x,0)(0,0)!(2x,0)(0,8)(0,0)(0,0)(0,0)(0,3x)(0,0)!(0,7x)(0,0)(0,0)(0,0)!;(0,2x)(2,0)(1x,0)!(2x,0)(0,2)(0,2)(0,2)(0,2)(0,3x)(0,0)!(0,2)(0,2)(0,2)(0,1x)!
(0,5)!(0,0)!(0,0)!(0,0)!(0,0)!(f,0)!(0,0)!(0,0)!(0,0)!(0,0)!(0,0)!(0,0)!(0,0)!(0,0)!(0,0)!(0,0)!(0,0)!(0,0)!(0,0)!(0,0)!(0,5x)!(0,0)!(0,0)!(0,0)!(0,0)!;(0,5)(0,0)(0,0)!(f,0)(0,0)(0,0)(0,0)(0,0)(0,0)(0,0)(0,0)!(0,5x)(0,0)(0,0)!;(0,2x)(3x,0)(0,0)!(2x,0)(0,dx)(0,0)(0,0)(0,0)(0,0)(0,0)(0,0)!(0,3x)(0,0)!(0,2);(0,2x)(2,0)(1x,0)!(2x,0)(0,2)(0,2)(0,2)(0,2)(0,2)(0,2)(0,1x)!(0,3x)(0,0)!(0,2)
(0,5)!(0,0)!(0,0)!(0,0)!(0,0)!(fx,0)!(0,0)!(0,0)!(0,0)!(0,0)!(0,0)!(0,0)!(0,0)!(0,0)!(0,0)!(0,0)!(0,0)!(0,0)!(0,0)!(0,0)!(5,0)!(0,0)!(0,0)!(0,0)!(0,0)!;(0,5)(0,0)(0,0)!(fx,0)(0,0)(0,0)(0,0)(0,0)(0,0)(0,0)(0,0)!(5,0)(0,0)(0,0)!;(0,2x)(3x,0)(0,0)!(3x,0)(0,0)!(c,0)(0,0)(0,0)(0,0)(0,0)(0,0)(2x,0)(0,3x)(0,0)!;(0,2x)(2,0)(1x,0)!(3x,0)(0,0)!(2,0)(2,0)(2,0)(2,0)(2,0)(2,0)(2x,0)(0,2)(0,1x)!
(0,5x)!(0,0)!(0,0)!(0,0)!(0,0)!(0,5)!(0,0)!(0,0)!(0,0)!(0,0)!(5,0)!(0,0)!(0,0)!(0,0)!(0,0)!(0,5)!(0,0)!(0,0)!(0,0)!(0,0)!(5,0)!(0,0)!(0,0)!(0,0)!(0,0)!;(0,5x)(0,0)(0,0)!(0,5)(0,0)(0,0)!(5,0)(0,0)(0,0)!(0,5)(0,0)(0,0)!(5,0)(0,0)(0,0)!;(0,3x)(0,0)!(0,2)(0,2x)(3x,0)(0,0)!(2x,0)(0,3x)(0,0)!(0,2x)(3x,0)(0,0)!(2x,0)(0,3x)(0,0)!;(0,3x)(0,0)!(0,2)(0,2x)(2,0)(1x,0)!(2x,0)(0,2)(0,1x)!(0,2x)(2,0)(1x,0)!(2x,0)(0,2)(0,1x)!
(0,5x)!(0,0)!(0,0)!(0,0)!(0,0)!(0,5)!(0,0)!(0,0)!(0,0)!(0,0)!(5,0)!(0,0)!(0,0)!(0,0)!(0,0)!(0,5x)!(0,0)!(0,0)!(0,0)!(0,0)!(0,5x)!(0,0)!(0,0)!(0,0)!(0,0)!;(0,5x)(0,0)(0,0)!(0,5)(0,0)(0,0)!(5,0)(0,0)(0,0)!(0,5x)(0,0)(0,0)!(0,5x)(0,0)(0,0)!;(0,3x)(0,0)!(0,2)(0,2x)(3x,0)(0,0)!(2x,0)(0,3x)(0,0)!(0,3x)(0,0)!(0,2)(0,3x)(0,0)!(0,2);(0,3x)(0,0)!(0,2)(0,2x)(2,0)(1x,0)!(2x,0)(0,2)(0,1x)!(0,3x)(0,0)!(0,2)(0,3x)(0,0)!(0,2)
(0,5x)!(0,0)!(0,0)!(0,0)!(0,0)!(0,5)!(0,0)!(0,0)!(0,0)!(0,0)!(5,0)!(0,0)!(0,0)!(0,0)!(0,0)!(0,a)!(0,0)!(0,0)!(0,0)!(0,0)!(0,0)!(0,0)!(0,0)!(0,0)!(0,0)!;(0,5x)(0,0)(0,0)!(0,5)(0,0)(0,0)!(5,0)(0,0)(0,0)!(0,a)(0,0)(0,0)(0,0)(0,0);(0,3x)(0,0)!(0,2)(0,2x)(3x,0)(0,0)!(2x,0)(0,3x)(0,0)!(0,3x)(0,0)!(0,7x)(0,0)(0,0)(0,0)!;(0,3x)(0,0)!(0,2)(0,2x)(2,0)(1x,0)!(2x,0)(0,2)(0,1x)!(0,3x)(0,0)!(0,2)(0,2)(0,2)(0,1x)!
(0,5x)!(0,0)!(0,0)!(0,0)!(0,0)!(0,5)!(0,0)!(0,0)!(0,0)!(0,0)!(5x,0)!(0,0)!(0,0)!(0,0)!(0,0)!(5,0)!(0,0)!(0,0)!(0,0)!(0,0)!(0,5x)!(0,0)!(0,0)!(0,0)!(0,0)!;(0,5x)(0,0)(0,0)!(0,5)(0,0)(0,0)!(5x,0)(0,0)(0,0)!(5,0)(0,0)(0,0)!(0,5x)(0,0)(0,0)!;(0,3x)(0,0)!(0,2)(0,2x)(3x,0)(0,0)!(3x,0)(0,0)!(2,0)(2x,0)(0,3x)(0,0)!(0,3x)(0,0)!(0,2);(0,3x)(0,0)!(0,2)(0,2x)(2,0)(1x,0)!(3x,0)(0,0)!(2,0)(2x,0)(0,2)(0,1x)!(0,3x)(0,0)!(0,2)
(0,5x)!(0,0)!(0,0)!(0,0)!(0,0)!(0,5)!(0,0)!(0,0)!(0,0)!(0,0)!(5x,0)!(0,0)!(0,0)!(0,0)!(0,0)!(5x,0)!(0,0)!(0,0)!(0,0)!(0,0)!(5,0)!(0,0)!(0,0)!(0,0)!(0,0)!;(0,5x)(0,0)(0,0)!(0,5)(0,0)(0,0)!(5x,0)(0,0)(0,0)!(5x,0)(0,0)(0,0)!(5,0)(0,0)(0,0)!;(0,3x)(0,0)!(0,2)(0,2x)(3x,0)(0,0)!(3x,0)(0,0)!(2,0)(3x,0)(0,0)!(2,0)(2x,0)(0,3x)(0,0)!;(0,3x)(0,0)!(0,2)(0,2x)(2,0)(1x,0)!(3x,0)(0,0)!(2,0)(3x,0)(0,0)!(2,0)(2x,0)(0,2)(0,1x)!
(0,5x)!(0,0)!(0,0)!(0,0)!(0,0)!(0,5)!(0,0)!(0,0)!(0,0)!(0,0)!(5x,0)!(0,0)!(0,0)!(0,0)!(0,0)!(ax,0)!(0,0)!(0,0)!(0,0)!(0,0)!(0,0)!(0,0)!(0,0)!(0,0)!(0,0)!;(0,5x)(0,0)(0,0)!(0,5)(0,0)(0,0)!(5x,0)(0,0)(0,0)!(ax,0)(0,0)(0,0)(0,0)(0,0);(0,3x)(0,0)!(0,2)(0,2x)(3x,0)(0,0)!(3x,0)(0,0)!(2,0)(2x,0)(0,8)(0,0)(0,0)(0,0);(0,3x)(0,0)!(0,2)(0,2x)(2,0)(1x,0)!(3x,0)(0,0)!(2,0)(2x,0)(0,2)(0,2)(0,2)(0,2)
(0,5x)!(0,0)!(0,0)!(0,0)!(0,0)!(0,5)!(0,0)!(0,0)!(0,0)!(0,0)!(a,0)!(0,0)!(0,0)!(0,0)!(0,0)!(0,0)!(0,0)!(0,0)!(0,0)!(0,0)!(5,0)!(0,0)!(0,0)!(0,0)!(0,0)!;(0,5x)(0,0)(0,0)!(0,5)(0,0)(0,0)!(a,0)(0,0)(0,0)(0,0)(0,0)(5,0)(0,0)(0,0)!;(0,3x)(0,0)!(0,2)(0,2x)(3x,0)(0,0)!(3x,0)(0,0)!(7x,0)(0,0)(0,0)(0,0)!(2x,0)(0,3x)(0,0)!;(0,3x)(0,0)!(0,2)(0,2x)(2,0)(1x,0)!(3x,0)(0,0)!(2,0)(2,0)(2,0)(1x,0)!(2x,0)(0,2)(0,1x)!
(0,5x)!(0,0)!(0,0)!(0,0)!(0,0)!(0,5)!(0,0)!(0,0)!(0,0)!(0,0)!(ax,0)!(0,0)!(0,0)!(0,0)!(0,0)!(0,0)!(0,0)!(0,0)!(0,0)!(0,0)!(0,5x)!(0,0)!(0,0)!(0,0)!(0,0)!;(0,5x)(0,0)(0,0)!(0,5)(0,0)(0,0)!(ax,0)(0,0)(0,0)(0,0)(0,0)(0,5x)(0,0)(0,0)!;(0,3x)(0,0)!(0,2)(0,2x)(3x,0)(0,0)!(2x,0)(0,8)(0,0)(0,0)(0,0)(0,3x)(0,0)!(0,2);(0,3x)(0,0)!(0,2)(0,2x)(2,0)(1x,0)!(2x,0)(0,2)(0,2)(0,2)(0,2)(0,3x)(0,0)!(0,2)
(0,5x)!(0,0)!(0,0)!(0,0)!(0,0)!(0,5)!(0,0)!(0,0)!(0,0)!(0,0)!(f,0)!(0,0)!(0,0)!(0,0)!(0,0)!(0,0)!(0,0)!(0,0)!(0,0)!(0,0)!(0,0)!(0,0)!(0,0)!(0,0)!(0,0)!;(0,5x)(0,0)(0,0)!(0,5)(0,0)(0,0)!(f,0)(0,0)(0,0)(0,0)(0,0)(0,0)(0,0)(0,0)!;(0,3x)(0,0)!(0,2)(0,2x)(3x,0)(0,0)!(2x,0)(0,dx)(0,0)(0,0)(0,0)(0,0)(0,0)(0,0)!;(0,3x)(0,0)!(0,2)(0,2x)(2,0)(1x,0)!(2x,0)(0,2)(0,2)(0,2)(0,2)(0,2)(0,2)(0,1x)!
(0,5x)!(0,0)!(0,0)!(0,0)!(0,0)!(0,5x)!(0,0)!(0,0)!(0,0)!(0,0)!(0,5)!(0,0)!(0,0)!(0,0)!(0,0)!(5,0)!(0,0)!(0,0)!(0,0)!(0,0)!(0,5x)!(0,0)!(0,0)!(0,0)!(0,0)!;(0,5x)(0,0)(0,0)!(0,5x)(0,0)(0,0)!(0,5)(0,0)(0,0)!(5,0)(0,0)(0,0)!(0,5x)(0,0)(0,0)!;(0,3x)(0,0)!(0,2)(0,3x)(0,0)!(0,2)(0,2x)(3x,0)(0,0)!(2x,0)(0,3x)(0,0)!(0,3x)(0,0)!(0,2);(0,3x)(0,0)!(0,2)(0,3x)(0,0)!(0,2)(0,2x)(2,0)(1x,0)!(2x,0)(0,2)(0,1x)!(0,3x)(0,0)!(0,2)
(0,5x)!(0,0)!(0,0)!(0,0)!(0,0)!(0,5x)!(0,0)!(0,0)!(0,0)!(0,0)!(0,5)!(0,0)!(0,0)!(0,0)!(0,0)!(5x,0)!(0,0)!(0,0)!(0,0)!(0,0)!(5,0)!(0,0)!(0,0)!(0,0)!(0,0)!;(0,5x)(0,0)(0,0)!(0,5x)(0,0)(0,0)!(0,5)(0,0)(0,0)!(5x,0)(0,0)(0,0)!(5,0)(0,0)(0,0)!;(0,3x)(0,0)!(0,2)(0,3x)(0,0)!(0,2)(0,2x)(3x,0)(0,0)!(3x,0)(0,0)!(2,0)(2x,0)(0,3x)(0,0)!;(0,3x)(0,0)!(0,2)(0,3x)(0,0)!(0,2)(0,2x)(2,0)(1x,0)!(3x,0)(0,0)!(2,0)(2x,0)(0,2)(0,1x)!
(0,5x)!(0,0)!(0,0)!(0,0)!(0,0)!(0,5x)!(0,0)!(0,0)!(0,0)!(0,0)!(0,5)!(0,0)!(0,0)!(0,0)!(0,0)!(ax,0)!(0,0)!(0,0)!(0,0)!(0,0)!(0,0)!(0,0)!(0,0)!(0,0)!(0,0)!;(0,5x)(0,0)(0,0)!(0,5x)(0,0)(0,0)!(0,5)(0,0)(0,0)!(ax,0)(0,0)(0,0)(0,0)(0,0);(0,3x)(0,0)!(0,2)(0,3x)(0,0)!(0,2)(0,2x)(3x,0)(0,0)!(2x,0)(0,8)(0,0)(0,0)(0,0);(0,3x)(0,0)!(0,2)(0,3x)(0,0)!(0,2)(0,2x)(2,0)(1x,0)!(2x,0)(0,2)(0,2)(0,2)(0,2)
(0,5x)!(0,0)!(0,0)!(0,0)!(0,0)!(0,5x)!(0,0)!(0,0)!(0,0)!(0,0)!(0,5x)!(0,0)!(0,0)!(0,0)!(0,0)!(0,5)!(0,0)!(0,0)!(0,0)!(0,0)!(5,0)!(0,0)!(0,0)!(0,0)!(0,0)!;(0,5x)(0,0)(0,0)!(0,5x)(0,0)(0,0)!(0,5x)(0,0)(0,0)!(0,5)(0,0)(0,0)!(5,0)(0,0)(0,0)!;(0,3x)(0,0)!(0,2)(0,3x)(0,0)!(0,2)(0,3x)(0,0)!(0,2)(0,2x)(3x,0)(0,0)!(2x,0)(0,3x)(0,0)!;(0,3x)(0,0)!(0,2)(0,3x)(0,0)!(0,2)(0,3x)(0,0)!(0,2)(0,2x)(2,0)(1x,0)!(2x,0)(0,2)(0,1x)!
(0,5x)!(0,0)!(0,0)!(0,0)!(0,0)!(0,5x)!(0,0)!(0,0)!(0,0)!(0,0)!(0,5x)!(0,0)!(0,0)!(0,0)!(0,0)!(0,5x)!(0,0)!(0,0)!(0,0)!(0,0)!(0,5x)!(0,0)!(0,0)!(0,0)!(0,0)!;(0,5x)(0,0)(0,0)!;(0,3x)(0,0)!(0,2);(0,3x)(0,0)!(0,2)
(0,5x)!(0,0)!(0,0)!(0,0)!(0,0)!(0,5x)!(0,0)!(0,0)!(0,0)!(0,0)!(0,5x)!(0,0)!(0,0)!(0,0)!(0,0)!(0,a)!(0,0)!(0,0)!(0,0)!(0,0)!(0,0)!(0,0)!(0,0)!(0,0)!(0,0)!;(0,5x)(0,0)(0,0)!(0,5x)(0,0)(0,0)!(0,5x)(0,0)(0,0)!(0,a)(0,0)(0,0)(0,0)(0,0);(0,3x)(0,0)!(0,2)(0,3x)(0,0)!(0,2)(0,3x)(0,0)!(0,2)(0,3x)(0,0)!(0,7x)(0,0)(0,0)(0,0)!;(0,3x)(0,0)!(0,2)(0,3x)(0,0)!(0,2)(0,3x)(0,0)!(0,2)(0,3x)(0,0)!(0,2)(0,2)(0,2)(0,1x)!
(0,5x)!(0,0)!(0,0)!(0,0)!(0,0)!(0,5x)!(0,0)!(0,0)!(0,0)!(0,0)!(0,a)!(0,0)!(0,0)!(0,0)!(0,0)!(0,0)!(0,0)!(0,0)!(0,0)!(0,0)!(0,5x)!(0,0)!(0,0)!(0,0)!(0,0)!;(0,5x)(0,0)(0,0)!(0,5x)(0,0)(0,0)!(0,a)(0,0)(0,0)(0,0)(0,0)(0,5x)(0,0)(0,0)!;(0,3x)(0,0)!(0,2)(0,3x)(0,0)!(0,2)(0,3x)(0,0)!(0,7x)(0,0)(0,0)(0,0)!(0,3x)(0,0)!(0,2);(0,3x)(0,0)!(0,2)(0,3x)(0,0)!(0,2)(0,3x)(0,0)!(0,2)(0,2)(0,2)(0,1x)!(0,3x)(0,0)!(0,2)
(0,5x)!(0,0)!(0,0)!(0,0)!(0,0)!(0,5x)!(0,0)!(0,0)!(0,0)!(0,0)!(0,ax)!(0,0)!(0,0)!(0,0)!(0,0)!(0,0)!(0,0)!(0,0)!(0,0)!(0,0)!(5,0)!(0,0)!(0,0)!(0,0)!(0,0)!;(0,5x)(0,0)(0,0)!(0,5x)(0,0)(0,0)!(0,ax)(0,0)(0,0)(0,0)(0,0)(5,0)(0,0)(0,0)!;(0,3x)(0,0)!(0,2)(0,3x)(0,0)!(0,2)(0,2x)(8,0)(0,0)(0,0)(0,0)(2x,0)(0,3x)(0,0)!;(0,3x)(0,0)!(0,2)(0,3x)(0,0)!(0,2)(0,2x)(2,0)(2,0)(2,0)(2,0)(2x,0)(0,2)(0,1x)!
(0,5x)!(0,0)!(0,0)!(0,0)!(0,0)!(0,5x)!(0,0)!(0,0)!(0,0)!(0,0)!(0,fx)!(0,0)!(0,0)!(0,0)!(0,0)!(0,0)!(0,0)!(0,0)!(0,0)!(0,0)!(0,0)!(0,0)!(0,0)!(0,0)!(0,0)!;(0,5x)(0,0)(0,0)!(0,5x)(0,0)(0,0)!(0,fx)(0,0)(0,0)(0,0)(0,0)(0,0)(0,0)(0,0)!;(0,3x)(0,0)!(0,2)(0,3x)(0,0)!(0,2)(0,3x)(0,0)!(0,c)(0,0)(0,0)(0,0)(0,0)(0,0);(0,3x)(0,0)!(0,2)(0,3x)(0,0)!(0,2)(0,3x)(0,0)!(0,2)(0,2)(0,2)(0,2)(0,2)(0,2)
(0,5x)!(0,0)!(0,0)!(0,0)!(0,0)!(0,a)!(0,0)!(0,0)!(0,0)!(0,0)!(0,0)!(0,0)!(0,0)!(0,0)!(0,0)!(0,5)!(0,0)!(0,0)!(0,0)!(0,0)!(5,0)!(0,0)!(0,0)!(0,0)!(0,0)!;(0,5x)(0,0)(0,0)!(0,a)(0,0)(0,0)(0,0)(0,0)(0,5)(0,0)(0,0)!(5,0)(0,0)(0,0)!;(0,3x)(0,0)!(0,2)(0,3x)(0,0)!(0,7x)(0,0)(0,0)(0,0)!(0,2x)(3x,0)(0,0)!(2x,0)(0,3x)(0,0)!;(0,3x)(0,0)!(0,2)(0,3x)(0,0)!(0,2)(0,2)(0,2)(0,1x)!(0,2x)(2,0)(1x,0)!(2x,0)(0,2)(0,1x)!
(0,5x)!(0,0)!(0,0)!(0,0)!(0,0)!(0,a)!(0,0)!(0,0)!(0,0)!(0,0)!(0,0)!(0,0)!(0,0)!(0,0)!(0,0)!(0,5x)!(0,0)!(0,0)!(0,0)!(0,0)!(0,5x)!(0,0)!(0,0)!(0,0)!(0,0)!;(0,5x)(0,0)(0,0)!(0,a)(0,0)(0,0)(0,0)(0,0)(0,5x)(0,0)(0,0)!(0,5x)(0,0)(0,0)!;(0,3x)(0,0)!(0,2)(0,3x)(0,0)!(0,7x)(0,0)(0,0)(0,0)!(0,3x)(0,0)!(0,2)(0,3x)(0,0)!(0,2);(0,3x)(0,0)!(0,2)(0,3x)(0,0)!(0,2)(0,2)(0,2)(0,1x)!(0,3x)(0,0)!(0,2)(0,3x)(0,0)!(0,2)
(0,5x)!(0,0)!(0,0)!(0,0)!(0,0)!(0,a)!(0,0)!(0,0)!(0,0)!(0,0)!(0,0)!(0,0)!(0,0)!(0,0)!(0,0)!(0,a)!(0,0)!(0,0)!(0,0)!(0,0)!(0,0)!(0,0)!(0,0)!(0,0)!(0,0)!;(0,5x)(0,0)(0,0)!(0,a)(0,0)(0,0)(0,0)(0,0)(0,a)(0,0)(0,0)(0,0)(0,0);(0,3x)(0,0)!(0,2)(0,3x)(0,0)!(0,7x)(0,0)(0,0)(0,0)!(0,3x)(0,0)!(0,7x)(0,0)(0,0)(0,0)!;(0,3x)(0,0)!(0,2)(0,3x)(0,0)!(0,2)(0,2)(0,2)(0,1x)!(0,3x)(0,0)!(0,2)(0,2)(0,2)(0,1x)!
(0,5x)!(0,0)!(0,0)!(0,0)!(0,0)!(0,ax)!(0,0)!(0,0)!(0,0)!(0,0)!(0,0)!(0,0)!(0,0)!(0,0)!(0,0)!(5,0)!(0,0)!(0,0)!(0,0)!(0,0)!(0,5x)!(0,0)!(0,0)!(0,0)!(0,0)!;(0,5x)(0,0)(0,0)!(0,ax)(0,0)(0,0)(0,0)(0,0)(5,0)(0,0)(0,0)!(0,5x)(0,0)(0,0)!;(0,3x)(0,0)!(0,2)(0,2x)(8,0)(0,0)(0,0)(0,0)(2x,0)(0,3x)(0,0)!(0,3x)(0,0)!(0,2);(0,3x)(0,0)!(0,2)(0,2x)(2,0)(2,0)(2,0)(2,0)(2x,0)(0,2)(0,1x)!(0,3x)(0,0)!(0,2)
(0,5x)!(0,0)!(0,0)!(0,0)!(0,0)!(0,ax)!(0,0)!(0,0)!(0,0)!(0,0)!(0,0)!(0,0)!(0,0)!(0,0)!(0,0)!(5x,0)!(0,0)!(0,0)!(0,0)!(0,0)!(5,0)!(0,0)!(0,0)!(0,0)!(0,0)!;(0,5x)(0,0)(0,0)!(0,ax)(0,0)(0,0)(0,0)(0,0)(5x,0)(0,0)(0,0)!(5,0)(0,0)(0,0)!;(0,3x)(0,0)!(0,2)(0,2x)(8,0)(0,0)(0,0)(0,0)(3x,0)(0,0)!(2,0)(2x,0)(0,3x)(0,0)!;(0,3x)(0,0)!(0,2)(0,2x)(2,0)(2,0)(2,0)(2,0)(3x,0)(0,0)!(2,0)(2x,0)(0,2)(0,1x)!
(0,5x)!(0,0)!(0,0)!(0,0)!(0,0)!(0,ax)!(0,0)!(0,0)!(0,0)!(0,0)!(0,0)!(0,0)!(0,0)!(0,0)!(0,0)!(ax,0)!(0,0)!(0,0)!(0,0)!(0,0)!(0,0)!(0,0)!(0,0)!(0,0)!(0,0)!;(0,5x)(0,0)(0,0)!(0,ax)(0,0)(0,0)(0,0)(0,0)(ax,0)(0,0)(0,0)(0,0)(0,0);(0,3x)(0,0)!(0,2)(0,2x)(8,0)(0,0)(0,0)(0,0)(2x,0)(0,8)(0,0)(0,0)(0,0);(0,3x)(0,0)!(0,2)(0,2x)(2,0)(2,0)(2,0)(2,0)(2x,0)(0,2)(0,2)(0,2)(0,2)
(0,5x)!(0,0)!(0,0)!(0,0)!(0,0)!(0,f)!(0,0)!(0,0)!(0,0)!(0,0)!(0,0)!(0,0)!(0,0)!(0,0)!(0,0)!(0,0)!(0,0)!(0,0)!(0,0)!(0,0)!(5,0)!(0,0)!(0,0)!(0,0)!(0,0)!;(0,5x)(0,0)(0,0)!(0,f)(0,0)(0,0)(0,0)(0,0)(0,0)(0,0)(0,0)!(5,0)(0,0)(0,0)!;(0,3x)(0,0)!(0,2)(0,2x)(dx,0)(0,0)(0,0)(0,0)(0,0)(0,0)(0,0)!(2x,0)(0,3x)(0,0)!;(0,3x)(0,0)!(0,2)(0,2x)(2,0)(2,0)(2,0)(2,0)(2,0)(2,0)(1x,0)!(2x,0)(0,2)(0,1x)!
(0,5x)!(0,0)!(0,0)!(0,0)!(0,0)!(0,fx)!(0,0)!(0,0)!(0,0)!(0,0)!(0,0)!(0,0)!(0,0)!(0,0)!(0,0)!(0,0)!(0,0)!(0,0)!(0,0)!(0,0)!(0,5x)!(0,0)!(0,0)!(0,0)!(0,0)!;(0,5x)(0,0)(0,0)!(0,fx)(0,0)(0,0)(0,0)(0,0)(0,0)(0,0)(0,0)!(0,5x)(0,0)(0,0)!;(0,3x)(0,0)!(0,2)(0,3x)(0,0)!(0,c)(0,0)(0,0)(0,0)(0,0)(0,0)(0,3x)(0,0)!(0,2);(0,3x)(0,0)!(0,2)(0,3x)(0,0)!(0,2)(0,2)(0,2)(0,2)(0,2)(0,2)(0,3x)(0,0)!(0,2)
(0,a)!(0,0)!(0,0)!(0,0)!(0,0)!(0,0)!(0,0)!(0,0)!(0,0)!(0,0)!(0,5)!(0,0)!(0,0)!(0,0)!(0,0)!(5,0)!(0,0)!(0,0)!(0,0)!(0,0)!(0,5x)!(0,0)!(0,0)!(0,0)!(0,0)!;(0,a)(0,0)(0,0)(0,0)(0,0)(0,5)(0,0)(0,0)!(5,0)(0,0)(0,0)!(0,5x)(0,0)(0,0)!;(0,3x)(0,0)!(0,7x)(0,0)(0,0)(0,0)!(0,2x)(3x,0)(0,0)!(2x,0)(0,3x)(0,0)!(0,3x)(0,0)!(0,2);(0,3x)(0,0)!(0,2)(0,2)(0,2)(0,1x)!(0,2x)(2,0)(1x,0)!(2x,0)(0,2)(0,1x)!(0,3x)(0,0)!(0,2)
(0,a)!(0,0)!(0,0)!(0,0)!(0,0)!(0,0)!(0,0)!(0,0)!(0,0)!(0,0)!(0,5)!(0,0)!(0,0)!(0,0)!(0,0)!(5x,0)!(0,0)!(0,0)!(0,0)!(0,0)!(5,0)!(0,0)!(0,0)!(0,0)!(0,0)!;(0,a)(0,0)(0,0)(0,0)(0,0)(0,5)(0,0)(0,0)!(5x,0)(0,0)(0,0)!(5,0)(0,0)(0,0)!;(0,3x)(0,0)!(0,7x)(0,0)(0,0)(0,0)!(0,2x)(3x,0)(0,0)!(3x,0)(0,0)!(2,0)(2x,0)(0,3x)(0,0)!;(0,3x)(0,0)!(0,2)(0,2)(0,2)(0,1x)!(0,2x)(2,0)(1x,0)!(3x,0)(0,0)!(2,0)(2x,0)(0,2)(0,1x)!
(0,a)!(0,0)!(0,0)!(0,0)!(0,0)!(0,0)!(0,0)!(0,0)!(0,0)!(0,0)!(0,5)!(0,0)!(0,0)!(0,0)!(0,0)!(ax,0)!(0,0)!(0,0)!(0,0)!(0,0)!(0,0)!(0,0)!(0,0)!(0,0)!(0,0)!;(0,a)(0,0)(0,0)(0,0)(0,0)(0,5)(0,0)(0,0)!(ax,0)(0,0)(0,0)(0,0)(0,0);(0,3x)(0,0)!(0,7x)(0,0)(0,0)(0,0)!(0,2x)(3x,0)(0,0)!(2x,0)(0,8)(0,0)(0,0)(0,0);(0,3x)(0,0)!(0,2)(0,2)(0,2)(0,1x)!(0,2x)(2,0)(1x,0)!(2x,0)(0,2)(0,2)(0,2)(0,2)
(0,a)!(0,0)!(0,0)!(0,0)!(0,0)!(0,0)!(0,0)!(0,0)!(0,0)!(0,0)!(0,5x)!(0,0)!(0,0)!(0,0)!(0,0)!(0,5)!(0,0)!(0,0)!(0,0)!(0,0)!(5,0)!(0,0)!(0,0)!(0,0)!(0,0)!;(0,a)(0,0)(0,0)(0,0)(0,0)(0,5x)(0,0)(0,0)!(0,5)(0,0)(0,0)!(5,0)(0,0)(0,0)!;(0,3x)(0,0)!(0,7x)(0,0)(0,0)(0,0)!(0,3x)(0,0)!(0,2)(0,2x)(3x,0)(0,0)!(2x,0)(0,3x)(0,0)!;(0,3x)(0,0)!(0,2)(0,2)(0,2)(0,1x)!(0,3x)(0,0)!(0,2)(0,2x)(2,0)(1x,0)!(2x,0)(0,2)(0,1x)!
(0,a)!(0,0)!(0,0)!(0,0)!(0,0)!(0,0)!(0,0)!(0,0)!(0,0)!(0,0)!(0,5x)!(0,0)!(0,0)!(0,0)!(0,0)!(0,5x)!(0,0)!(0,0)!(0,0)!(0,0)!(0,5x)!(0,0)!(0,0)!(0,0)!(0,0)!;(0,a)(0,0)(0,0)(0,0)(0,0)(0,5x)(0,0)(0,0)!(0,5x)(0,0)(0,0)!(0,5x)(0,0)(0,0)!;(0,3x)(0,0)!(0,7x)(0,0)(0,0)(0,0)!(0,3x)(0,0)!(0,2)(0,3x)(0,0)!(0,2)(0,3x)(0,0)!(0,2);(0,3x)(0,0)!(0,2)(0,2)(0,2)(0,1x)!(0,3x)(0,0)!(0,2)(0,3x)(0,0)!(0,2)(0,3x)(0,0)!(0,2)
(0,a)!(0,0)!(0,0)!(0,0)!(0,0)!(0,0)!(0,0)!(0,0)!(0,0)!(0,0)!(0,5x)!(0,0)!(0,0)!(0,0)!(0,0)!(0,a)!(0,0)!(0,0)!(0,0)!(0,0)!(0,0)!(0,0)!(0,0)!(0,0)!(0,0)!;(0,a)(0,0)(0,0)(0,0)(0,0)(0,5x)(0,0)(0,0)!(0,a)(0,0)(0,0)(0,0)(0,0);(0,3x)(0,0)!(0,7x)(0,0)(0,0)(0,0)!(0,3x)(0,0)!(0,2)(0,3x)(0,0)!(0,7x)(0,0)(0,0)(0,0)!;(0,3x)(0,0)!(0,2)(0,2)(0,2)(0,1x)!(0,3x)(0,0)!(0,2)(0,3x)(0,0)!(0,2)(0,2)(0,2)(0,1x)!
(0,a)!(0,0)!(0,0)!(0,0)!(0,0)!(0,0)!(0,0)!(0,0)!(0,0)!(0,0)!(0,a)!(0,0)!(0,0)!(0,0)!(0,0)!(0,0)!(0,0)!(0,0)!(0,0)!(0,0)!(0,5x)!(0,0)!(0,0)!(0,0)!(0,0)!;(0,a)(0,0)(0,0)(0,0)(0,0)(0,a)(0,0)(0,0)(0,0)(0,0)(0,5x)(0,0)(0,0)!;(0,3x)(0,0)!(0,7x)(0,0)(0,0)(0,0)!(0,3x)(0,0)!(0,7x)(0,0)(0,0)(0,0)!(0,3x)(0,0)!(0,2);(0,3x)(0,0)!(0,2)(0,2)(0,2)(0,1x)!(0,3x)(0,0)!(0,2)(0,2)(0,2)(0,1x)!(0,3x)(0,0)!(0,2)
(0,a)!(0,0)!(0,0)!(0,0)!(0,0)!(0,0)!(0,0)!(0,0)!(0,0)!(0,0)!(0,ax)!(0,0)!(0,0)!(0,0)!(0,0)!(0,0)!(0,0)!(0,0)!(0,0)!(0,0)!(5,0)!(0,0)!(0,0)!(0,0)!(0,0)!;(0,a)(0,0)(0,0)(0,0)(0,0)(0,ax)(0,0)(0,0)(0,0)(0,0)(5,0)(0,0)(0,0)!;(0,3x)(0,0)!(0,7x)(0,0)(0,0)(0,0)!(0,2x)(8,0)(0,0)(0,0)(0,0)(2x,0)(0,3x)(0,0)!;(0,3x)(0,0)!(0,2)(0,2)(0,2)(0,1x)!(0,2x)(2,0)(2,0)(2,0)(2,0)(2x,0)(0,2)(0,1x)!
(0,a)!(0,0)!(0,0)!(0,0)!(0,0)!(0,0)!(0,0)!(0,0)!(0,0)!(0,0)!(0,fx)!(0,0)!(0,0)!(0,0)!(0,0)!(0,0)!(0,0)!(0,0)!(0,0)!(0,0)!(0,0)!(0,0)!(0,0)!(0,0)!(0,0)!;(0,a)(0,0)(0,0)(0,0)(0,0)(0,fx)(0,0)(0,0)(0,0)(0,0)(0,0)(0,0)(0,0)!;(0,3x)(0,0)!(0,7x)(0,0)(0,0)(0,0)!(0,3x)(0,0)!(0,c)(0,0)(0,0)(0,0)(0,0)(0,0);(0,3x)(0,0)!(0,2)(0,2)(0,2)(0,1x)!(0,3x)(0,0)!(0,2)(0,2)(0,2)(0,2)(0,2)(0,2)
(0,ax)!(0,0)!(0,0)!(0,0)!(0,0)!(0,0)!(0,0)!(0,0)!(0,0)!(0,0)!(5,0)!(0,0)!(0,0)!(0,0)!(0,0)!(0,5)!(0,0)!(0,0)!(0,0)!(0,0)!(5,0)!(0,0)!(0,0)!(0,0)!(0,0)!;(0,ax)(0,0)(0,0)(0,0)(0,0)(5,0)(0,0)(0,0)!(0,5)(0,0)(0,0)!(5,0)(0,0)(0,0)!;(0,2x)(8,0)(0,0)(0,0)(0,0)(2x,0)(0,3x)(0,0)!(0,2x)(3x,0)(0,0)!(2x,0)(0,3x)(0,0)!;(0,2x)(2,0)(2,0)(2,0)(2,0)(2x,0)(0,2)(0,1x)!(0,2x)(2,0)(1x,0)!(2x,0)(0,2)(0,1x)!
(0,ax)!(0,0)!(0,0)!(0,0)!(0,0)!(0,0)!(0,0)!(0,0)!(0,0)!(0,0)!(5,0)!(0,0)!(0,0)!(0,0)!(0,0)!(0,5x)!(0,0)!(0,0)!(0,0)!(0,0)!(0,5x)!(0,0)!(0,0)!(0,0)!(0,0)!;(0,ax)(0,0)(0,0)(0,0)(0,0)(5,0)(0,0)(0,0)!(0,5x)(0,0)(0,0)!(0,5x)(0,0)(0,0)!;(0,2x)(8,0)(0,0)(0,0)(0,0)(2x,0)(0,3x)(0,0)!(0,3x)(0,0)!(0,2)(0,3x)(0,0)!(0,2);(0,2x)(2,0)(2,0)(2,0)(2,0)(2x,0)(0,2)(0,1x)!(0,3x)(0,0)!(0,2)(0,3x)(0,0)!(0,2)
(0,ax)!(0,0)!(0,0)!(0,0)!(0,0)!(0,0)!(0,0)!(0,0)!(0,0)!(0,0)!(5,0)!(0,0)!(0,0)!(0,0)!(0,0)!(0,a)!(0,0)!(0,0)!(0,0)!(0,0)!(0,0)!(0,0)!(0,0)!(0,0)!(0,0)!;(0,ax)(0,0)(0,0)(0,0)(0,0)(5,0)(0,0)(0,0)!(0,a)(0,0)(0,0)(0,0)(0,0);(0,2x)(8,0)(0,0)(0,0)(0,0)(2x,0)(0,3x)(0,0)!(0,3x)(0,0)!(0,7x)(0,0)(0,0)(0,0)!;(0,2x)(2,0)(2,0)(2,0)(2,0)(2x,0)(0,2)(0,1x)!(0,3x)(0,0)!(0,2)(0,2)(0,2)(0,1x)!
(0,ax)!(0,0)!(0,0)!(0,0)!(0,0)!(0,0)!(0,0)!(0,0)!(0,0)!(0,0)!(5x,0)!(0,0)!(0,0)!(0,0)!(0,0)!(5,0)!(0,0)!(0,0)!(0,0)!(0,0)!(0,5x)!(0,0)!(0,0)!(0,0)!(0,0)!;(0,ax)(0,0)(0,0)(0,0)(0,0)(5x,0)(0,0)(0,0)!(5,0)(0,0)(0,0)!(0,5x)(0,0)(0,0)!;(0,2x)(8,0)(0,0)(0,0)(0,0)(3x,0)(0,0)!(2,0)(2x,0)(0,3x)(0,0)!(0,3x)(0,0)!(0,2);(0,2x)(2,0)(2,0)(2,0)(2,0)(3x,0)(0,0)!(2,0)(2x,0)(0,2)(0,1x)!(0,3x)(0,0)!(0,2)
(0,ax)!(0,0)!(0,0)!(0,0)!(0,0)!(0,0)!(0,0)!(0,0)!(0,0)!(0,0)!(5x,0)!(0,0)!(0,0)!(0,0)!(0,0)!(5x,0)!(0,0)!(0,0)!(0,0)!(0,0)!(5,0)!(0,0)!(0,0)!(0,0)!(0,0)!;(0,ax)(0,0)(0,0)(0,0)(0,0)(5x,0)(0,0)(0,0)!(5x,0)(0,0)(0,0)!(5,0)(0,0)(0,0)!;(0,2x)(8,0)(0,0)(0,0)(0,0)(3x,0)(0,0)!(2,0)(3x,0)(0,0)!(2,0)(2x,0)(0,3x)(0,0)!;(0,2x)(2,0)(2,0)(2,0)(2,0)(3x,0)(0,0)!(2,0)(3x,0)(0,0)!(2,0)(2x,0)(0,2)(0,1x)!
(0,ax)!(0,0)!(0,0)!(0,0)!(0,0)!(0,0)!(0,0)!(0,0)!(0,0)!(0,0)!(5x,0)!(0,0)!(0,0)!(0,0)!(0,0)!(ax,0)!(0,0)!(0,0)!(0,0)!(0,0)!(0,0)!(0,0)!(0,0)!(0,0)!(0,0)!;(0,ax)(0,0)(0,0)(0,0)(0,0)(5x,0)(0,0)(0,0)!(ax,0)(0,0)(0,0)(0,0)(0,0);(0,2x)(8,0)(0,0)(0,0)(0,0)(3x,0)(0,0)!(2,0)(2x,0)(0,8)(0,0)(0,0)(0,0);(0,2x)(2,0)(2,0)(2,0)(2,0)(3x,0)(0,0)!(2,0)(2x,0)(0,2)(0,2)(0,2)(0,2)
(0,ax)!(0,0)!(0,0)!(0,0)!(0,0)!(0,0)!(0,0)!(0,0)!(0,0)!(0,0)!(a,0)!(0,0)!(0,0)!(0,0)!(0,0)!(0,0)!(0,0)!(0,0)!(0,0)!(0,0)!(5,0)!(0,0)!(0,0)!(0,0)!(0,0)!;(0,ax)(0,0)(0,0)(0,0)(0,0)(a,0)(0,0)(0,0)(0,0)(0,0)(5,0)(0,0)(0,0)!;(0,2x)(8,0)(0,0)(0,0)(0,0)(3x,0)(0,0)!(7x,0)(0,0)(0,0)(0,0)!(2x,0)(0,3x)(0,0)!;(0,2x)(2,0)(2,0)(2,0)(2,0)(3x,0)(0,0)!(2,0)(2,0)(2,0)(1x,0)!(2x,0)(0,2)(0,1x)!
(0,ax)!(0,0)!(0,0)!(0,0)!(0,0)!(0,0)!(0,0)!(0,0)!(0,0)!(0,0)!(ax,0)!(0,0)!(0,0)!(0,0)!(0,0)!(0,0)!(0,0)!(0,0)!(0,0)!(0,0)!(0,5x)!(0,0)!(0,0)!(0,0)!(0,0)!;(0,ax)(0,0)(0,0)(0,0)(0,0)(ax,0)(0,0)(0,0)(0,0)(0,0)(0,5x)(0,0)(0,0)!;(0,2x)(8,0)(0,0)(0,0)(0,0)(2x,0)(0,8)(0,0)(0,0)(0,0)(0,3x)(0,0)!(0,2);(0,2x)(2,0)(2,0)(2,0)(2,0)(2x,0)(0,2)(0,2)(0,2)(0,2)(0,3x)(0,0)!(0,2)
(0,ax)!(0,0)!(0,0)!(0,0)!(0,0)!(0,0)!(0,0)!(0,0)!(0,0)!(0,0)!(f,0)!(0,0)!(0,0)!(0,0)!(0,0)!(0,0)!(0,0)!(0,0)!(0,0)!(0,0)!(0,0)!(0,0)!(0,0)!(0,0)!(0,0)!;(0,ax)(0,0)(0,0)(0,0)(0,0)(f,0)(0,0)(0,0)(0,0)(0,0)(0,0)(0,0)(0,0)!;(0,2x)(8,0)(0,0)(0,0)(0,0)(2x,0)(0,dx)(0,0)(0,0)(0,0)(0,0)(0,0)(0,0)!;(0,2x)(2,0)(2,0)(2,0)(2,0)(2x,0)(0,2)(0,2)(0,2)(0,2)(0,2)(0,2)(0,1x)!
(0,f)!(0,0)!(0,0)!(0,0)!(0,0)!(0,0)!(0,0)!(0,0)!(0,0)!(0,0)!(0,0)!(0,0)!(0,0)!(0,0)!(0,0)!(5,0)!(0,0)!(0,0)!(0,0)!(0,0)!(0,5x)!(0,0)!(0,0)!(0,0)!(0,0)!;(0,f)(0,0)(0,0)(0,0)(0,0)(0,0)(0,0)(0,0)!(5,0)(0,0)(0,0)!(0,5x)(0,0)(0,0)!;(0,2x)(dx,0)(0,0)(0,0)(0,0)(0,0)(0,0)(0,0)!(2x,0)(0,3x)(0,0)!(0,3x)(0,0)!(0,2);(0,2x)(2,0)(2,0)(2,0)(2,0)(2,0)(2,0)(1x,0)!(2x,0)(0,2)(0,1x)!(0,3x)(0,0)!(0,2)
(0,f)!(0,0)!(0,0)!(0,0)!(0,0)!(0,0)!(0,0)!(0,0)!(0,0)!(0,0)!(0,0)!(0,0)!(0,0)!(0,0)!(0,0)!(5x,0)!(0,0)!(0,0)!(0,0)!(0,0)!(5,0)!(0,0)!(0,0)!(0,0)!(0,0)!;(0,f)(0,0)(0,0)(0,0)(0,0)(0,0)(0,0)(0,0)!(5x,0)(0,0)(0,0)!(5,0)(0,0)(0,0)!;(0,2x)(dx,0)(0,0)(0,0)(0,0)(0,0)(0,0)(0,0)!(3x,0)(0,0)!(2,0)(2x,0)(0,3x)(0,0)!;(0,2x)(2,0)(2,0)(2,0)(2,0)(2,0)(2,0)(1x,0)!(3x,0)(0,0)!(2,0)(2x,0)(0,2)(0,1x)!
(0,f)!(0,0)!(0,0)!(0,0)!(0,0)!(0,0)!(0,0)!(0,0)!(0,0)!(0,0)!(0,0)!(0,0)!(0,0)!(0,0)!(0,0)!(ax,0)!(0,0)!(0,0)!(0,0)!(0,0)!(0,0)!(0,0)!(0,0)!(0,0)!(0,0)!;(0,f)(0,0)(0,0)(0,0)(0,0)(0,0)(0,0)(0,0)!(ax,0)(0,0)(0,0)(0,0)(0,0);(0,2x)(dx,0)(0,0)(0,0)(0,0)(0,0)(0,0)(0,0)!(2x,0)(0,8)(0,0)(0,0)(0,0);(0,2x)(2,0)(2,0)(2,0)(2,0)(2,0)(2,0)(1x,0)!(2x,0)(0,2)(0,2)(0,2)(0,2)
(0,fx)!(0,0)!(0,0)!(0,0)!(0,0)!(0,0)!(0,0)!(0,0)!(0,0)!(0,0)!(0,0)!(0,0)!(0,0)!(0,0)!(0,0)!(0,5)!(0,0)!(0,0)!(0,0)!(0,0)!(5,0)!(0,0)!(0,0)!(0,0)!(0,0)!;(0,fx)(0,0)(0,0)(0,0)(0,0)(0,0)(0,0)(0,0)!(0,5)(0,0)(0,0)!(5,0)(0,0)(0,0)!;(0,3x)(0,0)!(0,c)(0,0)(0,0)(0,0)(0,0)(0,0)(0,2x)(3x,0)(0,0)!(2x,0)(0,3x)(0,0)!;(0,3x)(0,0)!(0,2)(0,2)(0,2)(0,2)(0,2)(0,2)(0,2x)(2,0)(1x,0)!(2x,0)(0,2)(0,1x)!
(0,fx)!(0,0)!(0,0)!(0,0)!(0,0)!(0,0)!(0,0)!(0,0)!(0,0)!(0,0)!(0,0)!(0,0)!(0,0)!(0,0)!(0,0)!(0,5x)!(0,0)!(0,0)!(0,0)!(0,0)!(0,5x)!(0,0)!(0,0)!(0,0)!(0,0)!;(0,fx)(0,0)(0,0)(0,0)(0,0)(0,0)(0,0)(0,0)!(0,5x)(0,0)(0,0)!(0,5x)(0,0)(0,0)!;(0,3x)(0,0)!(0,c)(0,0)(0,0)(0,0)(0,0)(0,0)(0,3x)(0,0)!(0,2)(0,3x)(0,0)!(0,2);(0,3x)(0,0)!(0,2)(0,2)(0,2)(0,2)(0,2)(0,2)(0,3x)(0,0)!(0,2)(0,3x)(0,0)!(0,2)
(0,fx)!(0,0)!(0,0)!(0,0)!(0,0)!(0,0)!(0,0)!(0,0)!(0,0)!(0,0)!(0,0)!(0,0)!(0,0)!(0,0)!(0,0)!(0,a)!(0,0)!(0,0)!(0,0)!(0,0)!(0,0)!(0,0)!(0,0)!(0,0)!(0,0)!;(0,fx)(0,0)(0,0)(0,0)(0,0)(0,0)(0,0)(0,0)!(0,a)(0,0)(0,0)(0,0)(0,0);(0,3x)(0,0)!(0,c)(0,0)(0,0)(0,0)(0,0)(0,0)(0,3x)(0,0)!(0,7x)(0,0)(0,0)(0,0)!;(0,3x)(0,0)!(0,2)(0,2)(0,2)(0,2)(0,2)(0,2)(0,3x)(0,0)!(0,2)(0,2)(0,2)(0,1x)!
(5,0)!(0,0)!(0,0)!(0,0)!(0,0)!(0,5)!(0,0)!(0,0)!(0,0)!(0,0)!(5,0)!(0,0)!(0,0)!(0,0)!(0,0)!(0,5)!(0,0)!(0,0)!(0,0)!(0,0)!(5x,0)!(0,0)!(0,0)!(0,0)!(0,0)!;(5,0)(0,0)(0,0)!(0,5)(0,0)(0,0)!(5,0)(0,0)(0,0)!(0,5)(0,0)(0,0)!(5x,0)(0,0)(0,0)!;(2x,0)(0,3x)(0,0)!(0,2x)(3x,0)(0,0)!(2x,0)(0,3x)(0,0)!(0,2x)(3x,0)(0,0)!(3x,0)(0,0)!(2,0);(2x,0)(0,2)(0,1x)!(0,2x)(2,0)(1x,0)!(2x,0)(0,2)(0,1x)!(0,2x)(2,0)(1x,0)!(3x,0)(0,0)!(2,0)
(5,0)!(0,0)!(0,0)!(0,0)!(0,0)!(0,5)!(0,0)!(0,0)!(0,0)!(0,0)!(5,0)!(0,0)!(0,0)!(0,0)!(0,0)!(0,5x)!(0,0)!(0,0)!(0,0)!(0,0)!(0,5)!(0,0)!(0,0)!(0,0)!(0,0)!;(5,0)(0,0)(0,0)!(0,5)(0,0)(0,0)!(5,0)(0,0)(0,0)!(0,5x)(0,0)(0,0)!(0,5)(0,0)(0,0)!;(2x,0)(0,3x)(0,0)!(0,2x)(3x,0)(0,0)!(2x,0)(0,3x)(0,0)!(0,3x)(0,0)!(0,2)(0,2x)(3x,0)(0,0)!;(2x,0)(0,2)(0,1x)!(0,2x)(2,0)(1x,0)!(2x,0)(0,2)(0,1x)!(0,3x)(0,0)!(0,2)(0,2x)(2,0)(1x,0)!
(5,0)!(0,0)!(0,0)!(0,0)!(0,0)!(0,5)!(0,0)!(0,0)!(0,0)!(0,0)!(5,0)!(0,0)!(0,0)!(0,0)!(0,0)!(0,ax)!(0,0)!(0,0)!(0,0)!(0,0)!(0,0)!(0,0)!(0,0)!(0,0)!(0,0)!;(5,0)(0,0)(0,0)!(0,5)(0,0)(0,0)!(5,0)(0,0)(0,0)!(0,ax)(0,0)(0,0)(0,0)(0,0);(2x,0)(0,3x)(0,0)!(0,2x)(3x,0)(0,0)!(2x,0)(0,3x)(0,0)!(0,2x)(8,0)(0,0)(0,0)(0,0);(2x,0)(0,2)(0,1x)!(0,2x)(2,0)(1x,0)!(2x,0)(0,2)(0,1x)!(0,2x)(2,0)(2,0)(2,0)(2,0)
(5,0)!(0,0)!(0,0)!(0,0)!(0,0)!(0,5)!(0,0)!(0,0)!(0,0)!(0,0)!(5x,0)!(0,0)!(0,0)!(0,0)!(0,0)!(5,0)!(0,0)!(0,0)!(0,0)!(0,0)!(0,5)!(0,0)!(0,0)!(0,0)!(0,0)!;(5,0)(0,0)(0,0)!(0,5)(0,0)(0,0)!(5x,0)(0,0)(0,0)!(5,0)(0,0)(0,0)!(0,5)(0,0)(0,0)!;(2x,0)(0,3x)(0,0)!(0,2x)(3x,0)(0,0)!(3x,0)(0,0)!(2,0)(2x,0)(0,3x)(0,0)!(0,2x)(3x,0)(0,0)!;(2x,0)(0,2)(0,1x)!(0,2x)(2,0)(1x,0)!(3x,0)(0,0)!(2,0)(2x,0)(0,2)(0,1x)!(0,2x)(2,0)(1x,0)!
(5,0)!(0,0)!(0,0)!(0,0)!(0,0)!(0,5)!(0,0)!(0,0)!(0,0)!(0,0)!(5x,0)!(0,0)!(0,0)!(0,0)!(0,0)!(5x,0)!(0,0)!(0,0)!(0,0)!(0,0)!(5x,0)!(0,0)!(0,0)!(0,0)!(0,0)!;(5,0)(0,0)(0,0)!(0,5)(0,0)(0,0)!(5x,0)(0,0)(0,0)!(5x,0)(0,0)(0,0)!(5x,0)(0,0)(0,0)!;(2x,0)(0,3x)(0,0)!(0,2x)(3x,0)(0,0)!(3x,0)(0,0)!(2,0)(3x,0)(0,0)!(2,0)(3x,0)(0,0)!(2,0);(2x,0)(0,2)(0,1x)!(0,2x)(2,0)(1x,0)!(3x,0)(0,0)!(2,0)(3x,0)(0,0)!(2,0)(3x,0)(0,0)!(2,0)
(5,0)!(0,0)!(0,0)!(0,0)!(0,0)!(0,5)!(0,0)!(0,0)!(0,0)!(0,0)!(5x,0)!(0,0)!(0,0)!(0,0)!(0,0)!(a,0)!(0,0)!(0,0)!(0,0)!(0,0)!(0,0)!(0,0)!(0,0)!(0,0)!(0,0)!;(5,0)(0,0)(0,0)!(0,5)(0,0)(0,0)!(5x,0)(0,0)(0,0)!(a,0)(0,0)(0,0)(0,0)(0,0);(2x,0)(0,3x)(0,0)!(0,2x)(3x,0)(0,0)!(3x,0)(0,0)!(2,0)(3x,0)(0,0)!(7x,0)(0,0)(0,0)(0,0)!;(2x,0)(0,2)(0,1x)!(0,2x)(2,0)(1x,0)!(3x,0)(0,0)!(2,0)(3x,0)(0,0)!(2,0)(2,0)(2,0)(1x,0)!
(5,0)!(0,0)!(0,0)!(0,0)!(0,0)!(0,5)!(0,0)!(0,0)!(0,0)!(0,0)!(a,0)!(0,0)!(0,0)!(0,0)!(0,0)!(0,0)!(0,0)!(0,0)!(0,0)!(0,0)!(5x,0)!(0,0)!(0,0)!(0,0)!(0,0)!;(5,0)(0,0)(0,0)!(0,5)(0,0)(0,0)!(a,0)(0,0)(0,0)(0,0)(0,0)(5x,0)(0,0)(0,0)!;(2x,0)(0,3x)(0,0)!(0,2x)(3x,0)(0,0)!(3x,0)(0,0)!(7x,0)(0,0)(0,0)(0,0)!(3x,0)(0,0)!(2,0);(2x,0)(0,2)(0,1x)!(0,2x)(2,0)(1x,0)!(3x,0)(0,0)!(2,0)(2,0)(2,0)(1x,0)!(3x,0)(0,0)!(2,0)
(5,0)!(0,0)!(0,0)!(0,0)!(0,0)!(0,5)!(0,0)!(0,0)!(0,0)!(0,0)!(ax,0)!(0,0)!(0,0)!(0,0)!(0,0)!(0,0)!(0,0)!(0,0)!(0,0)!(0,0)!(0,5)!(0,0)!(0,0)!(0,0)!(0,0)!;(5,0)(0,0)(0,0)!(0,5)(0,0)(0,0)!(ax,0)(0,0)(0,0)(0,0)(0,0)(0,5)(0,0)(0,0)!;(2x,0)(0,3x)(0,0)!(0,2x)(3x,0)(0,0)!(2x,0)(0,8)(0,0)(0,0)(0,0)(0,2x)(3x,0)(0,0)!;(2x,0)(0,2)(0,1x)!(0,2x)(2,0)(1x,0)!(2x,0)(0,2)(0,2)(0,2)(0,2)(0,2x)(2,0)(1x,0)!
(5,0)!(0,0)!(0,0)!(0,0)!(0,0)!(0,5)!(0,0)!(0,0)!(0,0)!(0,0)!(fx,0)!(0,0)!(0,0)!(0,0)!(0,0)!(0,0)!(0,0)!(0,0)!(0,0)!(0,0)!(0,0)!(0,0)!(0,0)!(0,0)!(0,0)!;(5,0)(0,0)(0,0)!(0,5)(0,0)(0,0)!(fx,0)(0,0)(0,0)(0,0)(0,0)(0,0)(0,0)(0,0)!;(2x,0)(0,3x)(0,0)!(0,2x)(3x,0)(0,0)!(3x,0)(0,0)!(c,0)(0,0)(0,0)(0,0)(0,0)(0,0);(2x,0)(0,2)(0,1x)!(0,2x)(2,0)(1x,0)!(3x,0)(0,0)!(2,0)(2,0)(2,0)(2,0)(2,0)(2,0)
(5,0)!(0,0)!(0,0)!(0,0)!(0,0)!(0,5x)!(0,0)!(0,0)!(0,0)!(0,0)!(0,5)!(0,0)!(0,0)!(0,0)!(0,0)!(5,0)!(0,0)!(0,0)!(0,0)!(0,0)!(0,5)!(0,0)!(0,0)!(0,0)!(0,0)!;(5,0)(0,0)(0,0)!(0,5x)(0,0)(0,0)!(0,5)(0,0)(0,0)!(5,0)(0,0)(0,0)!(0,5)(0,0)(0,0)!;(2x,0)(0,3x)(0,0)!(0,3x)(0,0)!(0,2)(0,2x)(3x,0)(0,0)!(2x,0)(0,3x)(0,0)!(0,2x)(3x,0)(0,0)!;(2x,0)(0,2)(0,1x)!(0,3x)(0,0)!(0,2)(0,2x)(2,0)(1x,0)!(2x,0)(0,2)(0,1x)!(0,2x)(2,0)(1x,0)!
(5,0)!(0,0)!(0,0)!(0,0)!(0,0)!(0,5x)!(0,0)!(0,0)!(0,0)!(0,0)!(0,5)!(0,0)!(0,0)!(0,0)!(0,0)!(5x,0)!(0,0)!(0,0)!(0,0)!(0,0)!(5x,0)!(0,0)!(0,0)!(0,0)!(0,0)!;(5,0)(0,0)(0,0)!(0,5x)(0,0)(0,0)!(0,5)(0,0)(0,0)!(5x,0)(0,0)(0,0)!(5x,0)(0,0)(0,0)!;(2x,0)(0,3x)(0,0)!(0,3x)(0,0)!(0,2)(0,2x)(3x,0)(0,0)!(3x,0)(0,0)!(2,0)(3x,0)(0,0)!(2,0);(2x,0)(0,2)(0,1x)!(0,3x)(0,0)!(0,2)(0,2x)(2,0)(1x,0)!(3x,0)(0,0)!(2,0)(3x,0)(0,0)!(2,0)
(5,0)!(0,0)!(0,0)!(0,0)!(0,0)!(0,5x)!(0,0)!(0,0)!(0,0)!(0,0)!(0,5)!(0,0)!(0,0)!(0,0)!(0,0)!(a,0)!(0,0)!(0,0)!(0,0)!(0,0)!(0,0)!(0,0)!(0,0)!(0,0)!(0,0)!;(5,0)(0,0)(0,0)!(0,5x)(0,0)(0,0)!(0,5)(0,0)(0,0)!(a,0)(0,0)(0,0)(0,0)(0,0);(2x,0)(0,3x)(0,0)!(0,3x)(0,0)!(0,2)(0,2x)(3x,0)(0,0)!(3x,0)(0,0)!(7x,0)(0,0)(0,0)(0,0)!;(2x,0)(0,2)(0,1x)!(0,3x)(0,0)!(0,2)(0,2x)(2,0)(1x,0)!(3x,0)(0,0)!(2,0)(2,0)(2,0)(1x,0)!
(5,0)!(0,0)!(0,0)!(0,0)!(0,0)!(0,5x)!(0,0)!(0,0)!(0,0)!(0,0)!(0,5x)!(0,0)!(0,0)!(0,0)!(0,0)!(0,5)!(0,0)!(0,0)!(0,0)!(0,0)!(5x,0)!(0,0)!(0,0)!(0,0)!(0,0)!;(5,0)(0,0)(0,0)!(0,5x)(0,0)(0,0)!(0,5x)(0,0)(0,0)!(0,5)(0,0)(0,0)!(5x,0)(0,0)(0,0)!;(2x,0)(0,3x)(0,0)!(0,3x)(0,0)!(0,2)(0,3x)(0,0)!(0,2)(0,2x)(3x,0)(0,0)!(3x,0)(0,0)!(2,0);(2x,0)(0,2)(0,1x)!(0,3x)(0,0)!(0,2)(0,3x)(0,0)!(0,2)(0,2x)(2,0)(1x,0)!(3x,0)(0,0)!(2,0)
(5,0)!(0,0)!(0,0)!(0,0)!(0,0)!(0,5x)!(0,0)!(0,0)!(0,0)!(0,0)!(0,5x)!(0,0)!(0,0)!(0,0)!(0,0)!(0,5x)!(0,0)!(0,0)!(0,0)!(0,0)!(0,5)!(0,0)!(0,0)!(0,0)!(0,0)!;(5,0)(0,0)(0,0)!(0,5x)(0,0)(0,0)!(0,5x)(0,0)(0,0)!(0,5x)(0,0)(0,0)!(0,5)(0,0)(0,0)!;(2x,0)(0,3x)(0,0)!(0,3x)(0,0)!(0,2)(0,3x)(0,0)!(0,2)(0,3x)(0,0)!(0,2)(0,2x)(3x,0)(0,0)!;(2x,0)(0,2)(0,1x)!(0,3x)(0,0)!(0,2)(0,3x)(0,0)!(0,2)(0,3x)(0,0)!(0,2)(0,2x)(2,0)(1x,0)!
(5,0)!(0,0)!(0,0)!(0,0)!(0,0)!(0,5x)!(0,0)!(0,0)!(0,0)!(0,0)!(0,5x)!(0,0)!(0,0)!(0,0)!(0,0)!(0,ax)!(0,0)!(0,0)!(0,0)!(0,0)!(0,0)!(0,0)!(0,0)!(0,0)!(0,0)!;(5,0)(0,0)(0,0)!(0,5x)(0,0)(0,0)!(0,5x)(0,0)(0,0)!(0,ax)(0,0)(0,0)(0,0)(0,0);(2x,0)(0,3x)(0,0)!(0,3x)(0,0)!(0,2)(0,3x)(0,0)!(0,2)(0,2x)(8,0)(0,0)(0,0)(0,0);(2x,0)(0,2)(0,1x)!(0,3x)(0,0)!(0,2)(0,3x)(0,0)!(0,2)(0,2x)(2,0)(2,0)(2,0)(2,0)
(5,0)!(0,0)!(0,0)!(0,0)!(0,0)!(0,5x)!(0,0)!(0,0)!(0,0)!(0,0)!(0,a)!(0,0)!(0,0)!(0,0)!(0,0)!(0,0)!(0,0)!(0,0)!(0,0)!(0,0)!(0,5)!(0,0)!(0,0)!(0,0)!(0,0)!;(5,0)(0,0)(0,0)!(0,5x)(0,0)(0,0)!(0,a)(0,0)(0,0)(0,0)(0,0)(0,5)(0,0)(0,0)!;(2x,0)(0,3x)(0,0)!(0,3x)(0,0)!(0,2)(0,3x)(0,0)!(0,7x)(0,0)(0,0)(0,0)!(0,2x)(3x,0)(0,0)!;(2x,0)(0,2)(0,1x)!(0,3x)(0,0)!(0,2)(0,3x)(0,0)!(0,2)(0,2)(0,2)(0,1x)!(0,2x)(2,0)(1x,0)!
(5,0)!(0,0)!(0,0)!(0,0)!(0,0)!(0,5x)!(0,0)!(0,0)!(0,0)!(0,0)!(0,ax)!(0,0)!(0,0)!(0,0)!(0,0)!(0,0)!(0,0)!(0,0)!(0,0)!(0,0)!(5x,0)!(0,0)!(0,0)!(0,0)!(0,0)!;(5,0)(0,0)(0,0)!(0,5x)(0,0)(0,0)!(0,ax)(0,0)(0,0)(0,0)(0,0)(5x,0)(0,0)(0,0)!;(2x,0)(0,3x)(0,0)!(0,3x)(0,0)!(0,2)(0,2x)(8,0)(0,0)(0,0)(0,0)(3x,0)(0,0)!(2,0);(2x,0)(0,2)(0,1x)!(0,3x)(0,0)!(0,2)(0,2x)(2,0)(2,0)(2,0)(2,0)(3x,0)(0,0)!(2,0)
(5,0)!(0,0)!(0,0)!(0,0)!(0,0)!(0,5x)!(0,0)!(0,0)!(0,0)!(0,0)!(0,f)!(0,0)!(0,0)!(0,0)!(0,0)!(0,0)!(0,0)!(0,0)!(0,0)!(0,0)!(0,0)!(0,0)!(0,0)!(0,0)!(0,0)!;(5,0)(0,0)(0,0)!(0,5x)(0,0)(0,0)!(0,f)(0,0)(0,0)(0,0)(0,0)(0,0)(0,0)(0,0)!;(2x,0)(0,3x)(0,0)!(0,3x)(0,0)!(0,2)(0,2x)(dx,0)(0,0)(0,0)(0,0)(0,0)(0,0)(0,0)!;(2x,0)(0,2)(0,1x)!(0,3x)(0,0)!(0,2)(0,2x)(2,0)(2,0)(2,0)(2,0)(2,0)(2,0)(1x,0)!
(5,0)!(0,0)!(0,0)!(0,0)!(0,0)!(0,a)!(0,0)!(0,0)!(0,0)!(0,0)!(0,0)!(0,0)!(0,0)!(0,0)!(0,0)!(0,5)!(0,0)!(0,0)!(0,0)!(0,0)!(5x,0)!(0,0)!(0,0)!(0,0)!(0,0)!;(5,0)(0,0)(0,0)!(0,a)(0,0)(0,0)(0,0)(0,0)(0,5)(0,0)(0,0)!(5x,0)(0,0)(0,0)!;(2x,0)(0,3x)(0,0)!(0,3x)(0,0)!(0,7x)(0,0)(0,0)(0,0)!(0,2x)(3x,0)(0,0)!(3x,0)(0,0)!(2,0);(2x,0)(0,2)(0,1x)!(0,3x)(0,0)!(0,2)(0,2)(0,2)(0,1x)!(0,2x)(2,0)(1x,0)!(3x,0)(0,0)!(2,0)
(5,0)!(0,0)!(0,0)!(0,0)!(0,0)!(0,a)!(0,0)!(0,0)!(0,0)!(0,0)!(0,0)!(0,0)!(0,0)!(0,0)!(0,0)!(0,5x)!(0,0)!(0,0)!(0,0)!(0,0)!(0,5)!(0,0)!(0,0)!(0,0)!(0,0)!;(5,0)(0,0)(0,0)!(0,a)(0,0)(0,0)(0,0)(0,0)(0,5x)(0,0)(0,0)!(0,5)(0,0)(0,0)!;(2x,0)(0,3x)(0,0)!(0,3x)(0,0)!(0,7x)(0,0)(0,0)(0,0)!(0,3x)(0,0)!(0,2)(0,2x)(3x,0)(0,0)!;(2x,0)(0,2)(0,1x)!(0,3x)(0,0)!(0,2)(0,2)(0,2)(0,1x)!(0,3x)(0,0)!(0,2)(0,2x)(2,0)(1x,0)!
(5,0)!(0,0)!(0,0)!(0,0)!(0,0)!(0,a)!(0,0)!(0,0)!(0,0)!(0,0)!(0,0)!(0,0)!(0,0)!(0,0)!(0,0)!(0,ax)!(0,0)!(0,0)!(0,0)!(0,0)!(0,0)!(0,0)!(0,0)!(0,0)!(0,0)!;(5,0)(0,0)(0,0)!(0,a)(0,0)(0,0)(0,0)(0,0)(0,ax)(0,0)(0,0)(0,0)(0,0);(2x,0)(0,3x)(0,0)!(0,3x)(0,0)!(0,7x)(0,0)(0,0)(0,0)!(0,2x)(8,0)(0,0)(0,0)(0,0);(2x,0)(0,2)(0,1x)!(0,3x)(0,0)!(0,2)(0,2)(0,2)(0,1x)!(0,2x)(2,0)(2,0)(2,0)(2,0)
(5,0)!(0,0)!(0,0)!(0,0)!(0,0)!(0,ax)!(0,0)!(0,0)!(0,0)!(0,0)!(0,0)!(0,0)!(0,0)!(0,0)!(0,0)!(5,0)!(0,0)!(0,0)!(0,0)!(0,0)!(0,5)!(0,0)!(0,0)!(0,0)!(0,0)!;(5,0)(0,0)(0,0)!(0,ax)(0,0)(0,0)(0,0)(0,0)(5,0)(0,0)(0,0)!(0,5)(0,0)(0,0)!;(2x,0)(0,3x)(0,0)!(0,2x)(8,0)(0,0)(0,0)(0,0)(2x,0)(0,3x)(0,0)!(0,2x)(3x,0)(0,0)!;(2x,0)(0,2)(0,1x)!(0,2x)(2,0)(2,0)(2,0)(2,0)(2x,0)(0,2)(0,1x)!(0,2x)(2,0)(1x,0)!
(5,0)!(0,0)!(0,0)!(0,0)!(0,0)!(0,ax)!(0,0)!(0,0)!(0,0)!(0,0)!(0,0)!(0,0)!(0,0)!(0,0)!(0,0)!(5x,0)!(0,0)!(0,0)!(0,0)!(0,0)!(5x,0)!(0,0)!(0,0)!(0,0)!(0,0)!;(5,0)(0,0)(0,0)!(0,ax)(0,0)(0,0)(0,0)(0,0)(5x,0)(0,0)(0,0)!(5x,0)(0,0)(0,0)!;(2x,0)(0,3x)(0,0)!(0,2x)(8,0)(0,0)(0,0)(0,0)(3x,0)(0,0)!(2,0)(3x,0)(0,0)!(2,0);(2x,0)(0,2)(0,1x)!(0,2x)(2,0)(2,0)(2,0)(2,0)(3x,0)(0,0)!(2,0)(3x,0)(0,0)!(2,0)
(5,0)!(0,0)!(0,0)!(0,0)!(0,0)!(0,ax)!(0,0)!(0,0)!(0,0)!(0,0)!(0,0)!(0,0)!(0,0)!(0,0)!(0,0)!(a,0)!(0,0)!(0,0)!(0,0)!(0,0)!(0,0)!(0,0)!(0,0)!(0,0)!(0,0)!;(5,0)(0,0)(0,0)!(0,ax)(0,0)(0,0)(0,0)(0,0)(a,0)(0,0)(0,0)(0,0)(0,0);(2x,0)(0,3x)(0,0)!(0,2x)(8,0)(0,0)(0,0)(0,0)(3x,0)(0,0)!(7x,0)(0,0)(0,0)(0,0)!;(2x,0)(0,2)(0,1x)!(0,2x)(2,0)(2,0)(2,0)(2,0)(3x,0)(0,0)!(2,0)(2,0)(2,0)(1x,0)!
(5,0)!(0,0)!(0,0)!(0,0)!(0,0)!(0,f)!(0,0)!(0,0)!(0,0)!(0,0)!(0,0)!(0,0)!(0,0)!(0,0)!(0,0)!(0,0)!(0,0)!(0,0)!(0,0)!(0,0)!(5x,0)!(0,0)!(0,0)!(0,0)!(0,0)!;(5,0)(0,0)(0,0)!(0,f)(0,0)(0,0)(0,0)(0,0)(0,0)(0,0)(0,0)!(5x,0)(0,0)(0,0)!;(2x,0)(0,3x)(0,0)!(0,2x)(dx,0)(0,0)(0,0)(0,0)(0,0)(0,0)(0,0)!(3x,0)(0,0)!(2,0);(2x,0)(0,2)(0,1x)!(0,2x)(2,0)(2,0)(2,0)(2,0)(2,0)(2,0)(1x,0)!(3x,0)(0,0)!(2,0)
(5,0)!(0,0)!(0,0)!(0,0)!(0,0)!(0,fx)!(0,0)!(0,0)!(0,0)!(0,0)!(0,0)!(0,0)!(0,0)!(0,0)!(0,0)!(0,0)!(0,0)!(0,0)!(0,0)!(0,0)!(0,5)!(0,0)!(0,0)!(0,0)!(0,0)!;(5,0)(0,0)(0,0)!(0,fx)(0,0)(0,0)(0,0)(0,0)(0,0)(0,0)(0,0)!(0,5)(0,0)(0,0)!;(2x,0)(0,3x)(0,0)!(0,3x)(0,0)!(0,c)(0,0)(0,0)(0,0)(0,0)(0,0)(0,2x)(3x,0)(0,0)!;(2x,0)(0,2)(0,1x)!(0,3x)(0,0)!(0,2)(0,2)(0,2)(0,2)(0,2)(0,2)(0,2x)(2,0)(1x,0)!
(5x,0)!(0,0)!(0,0)!(0,0)!(0,0)!(5,0)!(0,0)!(0,0)!(0,0)!(0,0)!(0,5)!(0,0)!(0,0)!(0,0)!(0,0)!(5,0)!(0,0)!(0,0)!(0,0)!(0,0)!(0,5)!(0,0)!(0,0)!(0,0)!(0,0)!;(5x,0)(0,0)(0,0)!(5,0)(0,0)(0,0)!(0,5)(0,0)(0,0)!(5,0)(0,0)(0,0)!(0,5)(0,0)(0,0)!;(3x,0)(0,0)!(2,0)(2x,0)(0,3x)(0,0)!(0,2x)(3x,0)(0,0)!(2x,0)(0,3x)(0,0)!(0,2x)(3x,0)(0,0)!;(3x,0)(0,0)!(2,0)(2x,0)(0,2)(0,1x)!(0,2x)(2,0)(1x,0)!(2x,0)(0,2)(0,1x)!(0,2x)(2,0)(1x,0)!
(5x,0)!(0,0)!(0,0)!(0,0)!(0,0)!(5,0)!(0,0)!(0,0)!(0,0)!(0,0)!(0,5)!(0,0)!(0,0)!(0,0)!(0,0)!(5x,0)!(0,0)!(0,0)!(0,0)!(0,0)!(5x,0)!(0,0)!(0,0)!(0,0)!(0,0)!;(5x,0)(0,0)(0,0)!(5,0)(0,0)(0,0)!(0,5)(0,0)(0,0)!(5x,0)(0,0)(0,0)!(5x,0)(0,0)(0,0)!;(3x,0)(0,0)!(2,0)(2x,0)(0,3x)(0,0)!(0,2x)(3x,0)(0,0)!(3x,0)(0,0)!(2,0)(3x,0)(0,0)!(2,0);(3x,0)(0,0)!(2,0)(2x,0)(0,2)(0,1x)!(0,2x)(2,0)(1x,0)!(3x,0)(0,0)!(2,0)(3x,0)(0,0)!(2,0)
(5x,0)!(0,0)!(0,0)!(0,0)!(0,0)!(5,0)!(0,0)!(0,0)!(0,0)!(0,0)!(0,5)!(0,0)!(0,0)!(0,0)!(0,0)!(a,0)!(0,0)!(0,0)!(0,0)!(0,0)!(0,0)!(0,0)!(0,0)!(0,0)!(0,0)!;(5x,0)(0,0)(0,0)!(5,0)(0,0)(0,0)!(0,5)(0,0)(0,0)!(a,0)(0,0)(0,0)(0,0)(0,0);(3x,0)(0,0)!(2,0)(2x,0)(0,3x)(0,0)!(0,2x)(3x,0)(0,0)!(3x,0)(0,0)!(7x,0)(0,0)(0,0)(0,0)!;(3x,0)(0,0)!(2,0)(2x,0)(0,2)(0,1x)!(0,2x)(2,0)(1x,0)!(3x,0)(0,0)!(2,0)(2,0)(2,0)(1x,0)!
(5x,0)!(0,0)!(0,0)!(0,0)!(0,0)!(5,0)!(0,0)!(0,0)!(0,0)!(0,0)!(0,5x)!(0,0)!(0,0)!(0,0)!(0,0)!(0,5)!(0,0)!(0,0)!(0,0)!(0,0)!(5x,0)!(0,0)!(0,0)!(0,0)!(0,0)!;(5x,0)(0,0)(0,0)!(5,0)(0,0)(0,0)!(0,5x)(0,0)(0,0)!(0,5)(0,0)(0,0)!(5x,0)(0,0)(0,0)!;(3x,0)(0,0)!(2,0)(2x,0)(0,3x)(0,0)!(0,3x)(0,0)!(0,2)(0,2x)(3x,0)(0,0)!(3x,0)(0,0)!(2,0);(3x,0)(0,0)!(2,0)(2x,0)(0,2)(0,1x)!(0,3x)(0,0)!(0,2)(0,2x)(2,0)(1x,0)!(3x,0)(0,0)!(2,0)
(5x,0)!(0,0)!(0,0)!(0,0)!(0,0)!(5,0)!(0,0)!(0,0)!(0,0)!(0,0)!(0,5x)!(0,0)!(0,0)!(0,0)!(0,0)!(0,5x)!(0,0)!(0,0)!(0,0)!(0,0)!(0,5)!(0,0)!(0,0)!(0,0)!(0,0)!;(5x,0)(0,0)(0,0)!(5,0)(0,0)(0,0)!(0,5x)(0,0)(0,0)!(0,5x)(0,0)(0,0)!(0,5)(0,0)(0,0)!;(3x,0)(0,0)!(2,0)(2x,0)(0,3x)(0,0)!(0,3x)(0,0)!(0,2)(0,3x)(0,0)!(0,2)(0,2x)(3x,0)(0,0)!;(3x,0)(0,0)!(2,0)(2x,0)(0,2)(0,1x)!(0,3x)(0,0)!(0,2)(0,3x)(0,0)!(0,2)(0,2x)(2,0)(1x,0)!
(5x,0)!(0,0)!(0,0)!(0,0)!(0,0)!(5,0)!(0,0)!(0,0)!(0,0)!(0,0)!(0,5x)!(0,0)!(0,0)!(0,0)!(0,0)!(0,ax)!(0,0)!(0,0)!(0,0)!(0,0)!(0,0)!(0,0)!(0,0)!(0,0)!(0,0)!;(5x,0)(0,0)(0,0)!(5,0)(0,0)(0,0)!(0,5x)(0,0)(0,0)!(0,ax)(0,0)(0,0)(0,0)(0,0);(3x,0)(0,0)!(2,0)(2x,0)(0,3x)(0,0)!(0,3x)(0,0)!(0,2)(0,2x)(8,0)(0,0)(0,0)(0,0);(3x,0)(0,0)!(2,0)(2x,0)(0,2)(0,1x)!(0,3x)(0,0)!(0,2)(0,2x)(2,0)(2,0)(2,0)(2,0)
(5x,0)!(0,0)!(0,0)!(0,0)!(0,0)!(5,0)!(0,0)!(0,0)!(0,0)!(0,0)!(0,a)!(0,0)!(0,0)!(0,0)!(0,0)!(0,0)!(0,0)!(0,0)!(0,0)!(0,0)!(0,5)!(0,0)!(0,0)!(0,0)!(0,0)!;(5x,0)(0,0)(0,0)!(5,0)(0,0)(0,0)!(0,a)(0,0)(0,0)(0,0)(0,0)(0,5)(0,0)(0,0)!;(3x,0)(0,0)!(2,0)(2x,0)(0,3x)(0,0)!(0,3x)(0,0)!(0,7x)(0,0)(0,0)(0,0)!(0,2x)(3x,0)(0,0)!;(3x,0)(0,0)!(2,0)(2x,0)(0,2)(0,1x)!(0,3x)(0,0)!(0,2)(0,2)(0,2)(0,1x)!(0,2x)(2,0)(1x,0)!
(5x,0)!(0,0)!(0,0)!(0,0)!(0,0)!(5,0)!(0,0)!(0,0)!(0,0)!(0,0)!(0,ax)!(0,0)!(0,0)!(0,0)!(0,0)!(0,0)!(0,0)!(0,0)!(0,0)!(0,0)!(5x,0)!(0,0)!(0,0)!(0,0)!(0,0)!;(5x,0)(0,0)(0,0)!(5,0)(0,0)(0,0)!(0,ax)(0,0)(0,0)(0,0)(0,0)(5x,0)(0,0)(0,0)!;(3x,0)(0,0)!(2,0)(2x,0)(0,3x)(0,0)!(0,2x)(8,0)(0,0)(0,0)(0,0)(3x,0)(0,0)!(2,0);(3x,0)(0,0)!(2,0)(2x,0)(0,2)(0,1x)!(0,2x)(2,0)(2,0)(2,0)(2,0)(3x,0)(0,0)!(2,0)
(5x,0)!(0,0)!(0,0)!(0,0)!(0,0)!(5,0)!(0,0)!(0,0)!(0,0)!(0,0)!(0,f)!(0,0)!(0,0)!(0,0)!(0,0)!(0,0)!(0,0)!(0,0)!(0,0)!(0,0)!(0,0)!(0,0)!(0,0)!(0,0)!(0,0)!;(5x,0)(0,0)(0,0)!(5,0)(0,0)(0,0)!(0,f)(0,0)(0,0)(0,0)(0,0)(0,0)(0,0)(0,0)!;(3x,0)(0,0)!(2,0)(2x,0)(0,3x)(0,0)!(0,2x)(dx,0)(0,0)(0,0)(0,0)(0,0)(0,0)(0,0)!;(3x,0)(0,0)!(2,0)(2x,0)(0,2)(0,1x)!(0,2x)(2,0)(2,0)(2,0)(2,0)(2,0)(2,0)(1x,0)!
(5x,0)!(0,0)!(0,0)!(0,0)!(0,0)!(5x,0)!(0,0)!(0,0)!(0,0)!(0,0)!(5,0)!(0,0)!(0,0)!(0,0)!(0,0)!(0,5)!(0,0)!(0,0)!(0,0)!(0,0)!(5x,0)!(0,0)!(0,0)!(0,0)!(0,0)!;(5x,0)(0,0)(0,0)!(5x,0)(0,0)(0,0)!(5,0)(0,0)(0,0)!(0,5)(0,0)(0,0)!(5x,0)(0,0)(0,0)!;(3x,0)(0,0)!(2,0)(3x,0)(0,0)!(2,0)(2x,0)(0,3x)(0,0)!(0,2x)(3x,0)(0,0)!(3x,0)(0,0)!(2,0);(3x,0)(0,0)!(2,0)(3x,0)(0,0)!(2,0)(2x,0)(0,2)(0,1x)!(0,2x)(2,0)(1x,0)!(3x,0)(0,0)!(2,0)
(5x,0)!(0,0)!(0,0)!(0,0)!(0,0)!(5x,0)!(0,0)!(0,0)!(0,0)!(0,0)!(5,0)!(0,0)!(0,0)!(0,0)!(0,0)!(0,5x)!(0,0)!(0,0)!(0,0)!(0,0)!(0,5)!(0,0)!(0,0)!(0,0)!(0,0)!;(5x,0)(0,0)(0,0)!(5x,0)(0,0)(0,0)!(5,0)(0,0)(0,0)!(0,5x)(0,0)(0,0)!(0,5)(0,0)(0,0)!;(3x,0)(0,0)!(2,0)(3x,0)(0,0)!(2,0)(2x,0)(0,3x)(0,0)!(0,3x)(0,0)!(0,2)(0,2x)(3x,0)(0,0)!;(3x,0)(0,0)!(2,0)(3x,0)(0,0)!(2,0)(2x,0)(0,2)(0,1x)!(0,3x)(0,0)!(0,2)(0,2x)(2,0)(1x,0)!
(5x,0)!(0,0)!(0,0)!(0,0)!(0,0)!(5x,0)!(0,0)!(0,0)!(0,0)!(0,0)!(5,0)!(0,0)!(0,0)!(0,0)!(0,0)!(0,ax)!(0,0)!(0,0)!(0,0)!(0,0)!(0,0)!(0,0)!(0,0)!(0,0)!(0,0)!;(5x,0)(0,0)(0,0)!(5x,0)(0,0)(0,0)!(5,0)(0,0)(0,0)!(0,ax)(0,0)(0,0)(0,0)(0,0);(3x,0)(0,0)!(2,0)(3x,0)(0,0)!(2,0)(2x,0)(0,3x)(0,0)!(0,2x)(8,0)(0,0)(0,0)(0,0);(3x,0)(0,0)!(2,0)(3x,0)(0,0)!(2,0)(2x,0)(0,2)(0,1x)!(0,2x)(2,0)(2,0)(2,0)(2,0)
(5x,0)!(0,0)!(0,0)!(0,0)!(0,0)!(5x,0)!(0,0)!(0,0)!(0,0)!(0,0)!(5x,0)!(0,0)!(0,0)!(0,0)!(0,0)!(5,0)!(0,0)!(0,0)!(0,0)!(0,0)!(0,5)!(0,0)!(0,0)!(0,0)!(0,0)!;(5x,0)(0,0)(0,0)!(5x,0)(0,0)(0,0)!(5x,0)(0,0)(0,0)!(5,0)(0,0)(0,0)!(0,5)(0,0)(0,0)!;(3x,0)(0,0)!(2,0)(3x,0)(0,0)!(2,0)(3x,0)(0,0)!(2,0)(2x,0)(0,3x)(0,0)!(0,2x)(3x,0)(0,0)!;(3x,0)(0,0)!(2,0)(3x,0)(0,0)!(2,0)(3x,0)(0,0)!(2,0)(2x,0)(0,2)(0,1x)!(0,2x)(2,0)(1x,0)!
(5x,0)!(0,0)!(0,0)!(0,0)!(0,0)!(5x,0)!(0,0)!(0,0)!(0,0)!(0,0)!(5x,0)!(0,0)!(0,0)!(0,0)!(0,0)!(5x,0)!(0,0)!(0,0)!(0,0)!(0,0)!(5x,0)!(0,0)!(0,0)!(0,0)!(0,0)!;(5x,0)(0,0)(0,0)!;(3x,0)(0,0)!(2,0);(3x,0)(0,0)!(2,0)
(5x,0)!(0,0)!(0,0)!(0,0)!(0,0)!(5x,0)!(0,0)!(0,0)!(0,0)!(0,0)!(5x,0)!(0,0)!(0,0)!(0,0)!(0,0)!(a,0)!(0,0)!(0,0)!(0,0)!(0,0)!(0,0)!(0,0)!(0,0)!(0,0)!(0,0)!;(5x,0)(0,0)(0,0)!(5x,0)(0,0)(0,0)!(5x,0)(0,0)(0,0)!(a,0)(0,0)(0,0)(0,0)(0,0);(3x,0)(0,0)!(2,0)(3x,0)(0,0)!(2,0)(3x,0)(0,0)!(2,0)(3x,0)(0,0)!(7x,0)(0,0)(0,0)(0,0)!;(3x,0)(0,0)!(2,0)(3x,0)(0,0)!(2,0)(3x,0)(0,0)!(2,0)(3x,0)(0,0)!(2,0)(2,0)(2,0)(1x,0)!
(5x,0)!(0,0)!(0,0)!(0,0)!(0,0)!(5x,0)!(0,0)!(0,0)!(0,0)!(0,0)!(a,0)!(0,0)!(0,0)!(0,0)!(0,0)!(0,0)!(0,0)!(0,0)!(0,0)!(0,0)!(5x,0)!(0,0)!(0,0)!(0,0)!(0,0)!;(5x,0)(0,0)(0,0)!(5x,0)(0,0)(0,0)!(a,0)(0,0)(0,0)(0,0)(0,0)(5x,0)(0,0)(0,0)!;(3x,0)(0,0)!(2,0)(3x,0)(0,0)!(2,0)(3x,0)(0,0)!(7x,0)(0,0)(0,0)(0,0)!(3x,0)(0,0)!(2,0);(3x,0)(0,0)!(2,0)(3x,0)(0,0)!(2,0)(3x,0)(0,0)!(2,0)(2,0)(2,0)(1x,0)!(3x,0)(0,0)!(2,0)
(5x,0)!(0,0)!(0,0)!(0,0)!(0,0)!(5x,0)!(0,0)!(0,0)!(0,0)!(0,0)!(ax,0)!(0,0)!(0,0)!(0,0)!(0,0)!(0,0)!(0,0)!(0,0)!(0,0)!(0,0)!(0,5)!(0,0)!(0,0)!(0,0)!(0,0)!;(5x,0)(0,0)(0,0)!(5x,0)(0,0)(0,0)!(ax,0)(0,0)(0,0)(0,0)(0,0)(0,5)(0,0)(0,0)!;(3x,0)(0,0)!(2,0)(3x,0)(0,0)!(2,0)(2x,0)(0,8)(0,0)(0,0)(0,0)(0,2x)(3x,0)(0,0)!;(3x,0)(0,0)!(2,0)(3x,0)(0,0)!(2,0)(2x,0)(0,2)(0,2)(0,2)(0,2)(0,2x)(2,0)(1x,0)!
(5x,0)!(0,0)!(0,0)!(0,0)!(0,0)!(5x,0)!(0,0)!(0,0)!(0,0)!(0,0)!(fx,0)!(0,0)!(0,0)!(0,0)!(0,0)!(0,0)!(0,0)!(0,0)!(0,0)!(0,0)!(0,0)!(0,0)!(0,0)!(0,0)!(0,0)!;(5x,0)(0,0)(0,0)!(5x,0)(0,0)(0,0)!(fx,0)(0,0)(0,0)(0,0)(0,0)(0,0)(0,0)(0,0)!;(3x,0)(0,0)!(2,0)(3x,0)(0,0)!(2,0)(3x,0)(0,0)!(c,0)(0,0)(0,0)(0,0)(0,0)(0,0);(3x,0)(0,0)!(2,0)(3x,0)(0,0)!(2,0)(3x,0)(0,0)!(2,0)(2,0)(2,0)(2,0)(2,0)(2,0)
(5x,0)!(0,0)!(0,0)!(0,0)!(0,0)!(a,0)!(0,0)!(0,0)!(0,0)!(0,0)!(0,0)!(0,0)!(0,0)!(0,0)!(0,0)!(5,0)!(0,0)!(0,0)!(0,0)!(0,0)!(0,5)!(0,0)!(0,0)!(0,0)!(0,0)!;(5x,0)(0,0)(0,0)!(a,0)(0,0)(0,0)(0,0)(0,0)(5,0)(0,0)(0,0)!(0,5)(0,0)(0,0)!;(3x,0)(0,0)!(2,0)(3x,0)(0,0)!(7x,0)(0,0)(0,0)(0,0)!(2x,0)(0,3x)(0,0)!(0,2x)(3x,0)(0,0)!;(3x,0)(0,0)!(2,0)(3x,0)(0,0)!(2,0)(2,0)(2,0)(1x,0)!(2x,0)(0,2)(0,1x)!(0,2x)(2,0)(1x,0)!
(5x,0)!(0,0)!(0,0)!(0,0)!(0,0)!(a,0)!(0,0)!(0,0)!(0,0)!(0,0)!(0,0)!(0,0)!(0,0)!(0,0)!(0,0)!(5x,0)!(0,0)!(0,0)!(0,0)!(0,0)!(5x,0)!(0,0)!(0,0)!(0,0)!(0,0)!;(5x,0)(0,0)(0,0)!(a,0)(0,0)(0,0)(0,0)(0,0)(5x,0)(0,0)(0,0)!(5x,0)(0,0)(0,0)!;(3x,0)(0,0)!(2,0)(3x,0)(0,0)!(7x,0)(0,0)(0,0)(0,0)!(3x,0)(0,0)!(2,0)(3x,0)(0,0)!(2,0);(3x,0)(0,0)!(2,0)(3x,0)(0,0)!(2,0)(2,0)(2,0)(1x,0)!(3x,0)(0,0)!(2,0)(3x,0)(0,0)!(2,0)
(5x,0)!(0,0)!(0,0)!(0,0)!(0,0)!(a,0)!(0,0)!(0,0)!(0,0)!(0,0)!(0,0)!(0,0)!(0,0)!(0,0)!(0,0)!(a,0)!(0,0)!(0,0)!(0,0)!(0,0)!(0,0)!(0,0)!(0,0)!(0,0)!(0,0)!;(5x,0)(0,0)(0,0)!(a,0)(0,0)(0,0)(0,0)(0,0)(a,0)(0,0)(0,0)(0,0)(0,0);(3x,0)(0,0)!(2,0)(3x,0)(0,0)!(7x,0)(0,0)(0,0)(0,0)!(3x,0)(0,0)!(7x,0)(0,0)(0,0)(0,0)!;(3x,0)(0,0)!(2,0)(3x,0)(0,0)!(2,0)(2,0)(2,0)(1x,0)!(3x,0)(0,0)!(2,0)(2,0)(2,0)(1x,0)!
(5x,0)!(0,0)!(0,0)!(0,0)!(0,0)!(ax,0)!(0,0)!(0,0)!(0,0)!(0,0)!(0,0)!(0,0)!(0,0)!(0,0)!(0,0)!(0,5)!(0,0)!(0,0)!(0,0)!(0,0)!(5x,0)!(0,0)!(0,0)!(0,0)!(0,0)!;(5x,0)(0,0)(0,0)!(ax,0)(0,0)(0,0)(0,0)(0,0)(0,5)(0,0)(0,0)!(5x,0)(0,0)(0,0)!;(3x,0)(0,0)!(2,0)(2x,0)(0,8)(0,0)(0,0)(0,0)(0,2x)(3x,0)(0,0)!(3x,0)(0,0)!(2,0);(3x,0)(0,0)!(2,0)(2x,0)(0,2)(0,2)(0,2)(0,2)(0,2x)(2,0)(1x,0)!(3x,0)(0,0)!(2,0)
(5x,0)!(0,0)!(0,0)!(0,0)!(0,0)!(ax,0)!(0,0)!(0,0)!(0,0)!(0,0)!(0,0)!(0,0)!(0,0)!(0,0)!(0,0)!(0,5x)!(0,0)!(0,0)!(0,0)!(0,0)!(0,5)!(0,0)!(0,0)!(0,0)!(0,0)!;(5x,0)(0,0)(0,0)!(ax,0)(0,0)(0,0)(0,0)(0,0)(0,5x)(0,0)(0,0)!(0,5)(0,0)(0,0)!;(3x,0)(0,0)!(2,0)(2x,0)(0,8)(0,0)(0,0)(0,0)(0,3x)(0,0)!(0,2)(0,2x)(3x,0)(0,0)!;(3x,0)(0,0)!(2,0)(2x,0)(0,2)(0,2)(0,2)(0,2)(0,3x)(0,0)!(0,2)(0,2x)(2,0)(1x,0)!
(5x,0)!(0,0)!(0,0)!(0,0)!(0,0)!(ax,0)!(0,0)!(0,0)!(0,0)!(0,0)!(0,0)!(0,0)!(0,0)!(0,0)!(0,0)!(0,ax)!(0,0)!(0,0)!(0,0)!(0,0)!(0,0)!(0,0)!(0,0)!(0,0)!(0,0)!;(5x,0)(0,0)(0,0)!(ax,0)(0,0)(0,0)(0,0)(0,0)(0,ax)(0,0)(0,0)(0,0)(0,0);(3x,0)(0,0)!(2,0)(2x,0)(0,8)(0,0)(0,0)(0,0)(0,2x)(8,0)(0,0)(0,0)(0,0);(3x,0)(0,0)!(2,0)(2x,0)(0,2)(0,2)(0,2)(0,2)(0,2x)(2,0)(2,0)(2,0)(2,0)
(5x,0)!(0,0)!(0,0)!(0,0)!(0,0)!(f,0)!(0,0)!(0,0)!(0,0)!(0,0)!(0,0)!(0,0)!(0,0)!(0,0)!(0,0)!(0,0)!(0,0)!(0,0)!(0,0)!(0,0)!(0,5)!(0,0)!(0,0)!(0,0)!(0,0)!;(5x,0)(0,0)(0,0)!(f,0)(0,0)(0,0)(0,0)(0,0)(0,0)(0,0)(0,0)!(0,5)(0,0)(0,0)!;(3x,0)(0,0)!(2,0)(2x,0)(0,dx)(0,0)(0,0)(0,0)(0,0)(0,0)(0,0)!(0,2x)(3x,0)(0,0)!;(3x,0)(0,0)!(2,0)(2x,0)(0,2)(0,2)(0,2)(0,2)(0,2)(0,2)(0,1x)!(0,2x)(2,0)(1x,0)!
(5x,0)!(0,0)!(0,0)!(0,0)!(0,0)!(fx,0)!(0,0)!(0,0)!(0,0)!(0,0)!(0,0)!(0,0)!(0,0)!(0,0)!(0,0)!(0,0)!(0,0)!(0,0)!(0,0)!(0,0)!(5x,0)!(0,0)!(0,0)!(0,0)!(0,0)!;(5x,0)(0,0)(0,0)!(fx,0)(0,0)(0,0)(0,0)(0,0)(0,0)(0,0)(0,0)!(5x,0)(0,0)(0,0)!;(3x,0)(0,0)!(2,0)(3x,0)(0,0)!(c,0)(0,0)(0,0)(0,0)(0,0)(0,0)(3x,0)(0,0)!(2,0);(3x,0)(0,0)!(2,0)(3x,0)(0,0)!(2,0)(2,0)(2,0)(2,0)(2,0)(2,0)(3x,0)(0,0)!(2,0)
(a,0)!(0,0)!(0,0)!(0,0)!(0,0)!(0,0)!(0,0)!(0,0)!(0,0)!(0,0)!(5,0)!(0,0)!(0,0)!(0,0)!(0,0)!(0,5)!(0,0)!(0,0)!(0,0)!(0,0)!(5x,0)!(0,0)!(0,0)!(0,0)!(0,0)!;(a,0)(0,0)(0,0)(0,0)(0,0)(5,0)(0,0)(0,0)!(0,5)(0,0)(0,0)!(5x,0)(0,0)(0,0)!;(3x,0)(0,0)!(7x,0)(0,0)(0,0)(0,0)!(2x,0)(0,3x)(0,0)!(0,2x)(3x,0)(0,0)!(3x,0)(0,0)!(2,0);(3x,0)(0,0)!(2,0)(2,0)(2,0)(1x,0)!(2x,0)(0,2)(0,1x)!(0,2x)(2,0)(1x,0)!(3x,0)(0,0)!(2,0)
(a,0)!(0,0)!(0,0)!(0,0)!(0,0)!(0,0)!(0,0)!(0,0)!(0,0)!(0,0)!(5,0)!(0,0)!(0,0)!(0,0)!(0,0)!(0,5x)!(0,0)!(0,0)!(0,0)!(0,0)!(0,5)!(0,0)!(0,0)!(0,0)!(0,0)!;(a,0)(0,0)(0,0)(0,0)(0,0)(5,0)(0,0)(0,0)!(0,5x)(0,0)(0,0)!(0,5)(0,0)(0,0)!;(3x,0)(0,0)!(7x,0)(0,0)(0,0)(0,0)!(2x,0)(0,3x)(0,0)!(0,3x)(0,0)!(0,2)(0,2x)(3x,0)(0,0)!;(3x,0)(0,0)!(2,0)(2,0)(2,0)(1x,0)!(2x,0)(0,2)(0,1x)!(0,3x)(0,0)!(0,2)(0,2x)(2,0)(1x,0)!
(a,0)!(0,0)!(0,0)!(0,0)!(0,0)!(0,0)!(0,0)!(0,0)!(0,0)!(0,0)!(5,0)!(0,0)!(0,0)!(0,0)!(0,0)!(0,ax)!(0,0)!(0,0)!(0,0)!(0,0)!(0,0)!(0,0)!(0,0)!(0,0)!(0,0)!;(a,0)(0,0)(0,0)(0,0)(0,0)(5,0)(0,0)(0,0)!(0,ax)(0,0)(0,0)(0,0)(0,0);(3x,0)(0,0)!(7x,0)(0,0)(0,0)(0,0)!(2x,0)(0,3x)(0,0)!(0,2x)(8,0)(0,0)(0,0)(0,0);(3x,0)(0,0)!(2,0)(2,0)(2,0)(1x,0)!(2x,0)(0,2)(0,1x)!(0,2x)(2,0)(2,0)(2,0)(2,0)
(a,0)!(0,0)!(0,0)!(0,0)!(0,0)!(0,0)!(0,0)!(0,0)!(0,0)!(0,0)!(5x,0)!(0,0)!(0,0)!(0,0)!(0,0)!(5,0)!(0,0)!(0,0)!(0,0)!(0,0)!(0,5)!(0,0)!(0,0)!(0,0)!(0,0)!;(a,0)(0,0)(0,0)(0,0)(0,0)(5x,0)(0,0)(0,0)!(5,0)(0,0)(0,0)!(0,5)(0,0)(0,0)!;(3x,0)(0,0)!(7x,0)(0,0)(0,0)(0,0)!(3x,0)(0,0)!(2,0)(2x,0)(0,3x)(0,0)!(0,2x)(3x,0)(0,0)!;(3x,0)(0,0)!(2,0)(2,0)(2,0)(1x,0)!(3x,0)(0,0)!(2,0)(2x,0)(0,2)(0,1x)!(0,2x)(2,0)(1x,0)!
(a,0)!(0,0)!(0,0)!(0,0)!(0,0)!(0,0)!(0,0)!(0,0)!(0,0)!(0,0)!(5x,0)!(0,0)!(0,0)!(0,0)!(0,0)!(5x,0)!(0,0)!(0,0)!(0,0)!(0,0)!(5x,0)!(0,0)!(0,0)!(0,0)!(0,0)!;(a,0)(0,0)(0,0)(0,0)(0,0)(5x,0)(0,0)(0,0)!(5x,0)(0,0)(0,0)!(5x,0)(0,0)(0,0)!;(3x,0)(0,0)!(7x,0)(0,0)(0,0)(0,0)!(3x,0)(0,0)!(2,0)(3x,0)(0,0)!(2,0)(3x,0)(0,0)!(2,0);(3x,0)(0,0)!(2,0)(2,0)(2,0)(1x,0)!(3x,0)(0,0)!(2,0)(3x,0)(0,0)!(2,0)(3x,0)(0,0)!(2,0)
(a,0)!(0,0)!(0,0)!(0,0)!(0,0)!(0,0)!(0,0)!(0,0)!(0,0)!(0,0)!(5x,0)!(0,0)!(0,0)!(0,0)!(0,0)!(a,0)!(0,0)!(0,0)!(0,0)!(0,0)!(0,0)!(0,0)!(0,0)!(0,0)!(0,0)!;(a,0)(0,0)(0,0)(0,0)(0,0)(5x,0)(0,0)(0,0)!(a,0)(0,0)(0,0)(0,0)(0,0);(3x,0)(0,0)!(7x,0)(0,0)(0,0)(0,0)!(3x,0)(0,0)!(2,0)(3x,0)(0,0)!(7x,0)(0,0)(0,0)(0,0)!;(3x,0)(0,0)!(2,0)(2,0)(2,0)(1x,0)!(3x,0)(0,0)!(2,0)(3x,0)(0,0)!(2,0)(2,0)(2,0)(1x,0)!
(a,0)!(0,0)!(0,0)!(0,0)!(0,0)!(0,0)!(0,0)!(0,0)!(0,0)!(0,0)!(a,0)!(0,0)!(0,0)!(0,0)!(0,0)!(0,0)!(0,0)!(0,0)!(0,0)!(0,0)!(5x,0)!(0,0)!(0,0)!(0,0)!(0,0)!;(a,0)(0,0)(0,0)(0,0)(0,0)(a,0)(0,0)(0,0)(0,0)(0,0)(5x,0)(0,0)(0,0)!;(3x,0)(0,0)!(7x,0)(0,0)(0,0)(0,0)!(3x,0)(0,0)!(7x,0)(0,0)(0,0)(0,0)!(3x,0)(0,0)!(2,0);(3x,0)(0,0)!(2,0)(2,0)(2,0)(1x,0)!(3x,0)(0,0)!(2,0)(2,0)(2,0)(1x,0)!(3x,0)(0,0)!(2,0)
(a,0)!(0,0)!(0,0)!(0,0)!(0,0)!(0,0)!(0,0)!(0,0)!(0,0)!(0,0)!(ax,0)!(0,0)!(0,0)!(0,0)!(0,0)!(0,0)!(0,0)!(0,0)!(0,0)!(0,0)!(0,5)!(0,0)!(0,0)!(0,0)!(0,0)!;(a,0)(0,0)(0,0)(0,0)(0,0)(ax,0)(0,0)(0,0)(0,0)(0,0)(0,5)(0,0)(0,0)!;(3x,0)(0,0)!(7x,0)(0,0)(0,0)(0,0)!(2x,0)(0,8)(0,0)(0,0)(0,0)(0,2x)(3x,0)(0,0)!;(3x,0)(0,0)!(2,0)(2,0)(2,0)(1x,0)!(2x,0)(0,2)(0,2)(0,2)(0,2)(0,2x)(2,0)(1x,0)!
(a,0)!(0,0)!(0,0)!(0,0)!(0,0)!(0,0)!(0,0)!(0,0)!(0,0)!(0,0)!(fx,0)!(0,0)!(0,0)!(0,0)!(0,0)!(0,0)!(0,0)!(0,0)!(0,0)!(0,0)!(0,0)!(0,0)!(0,0)!(0,0)!(0,0)!;(a,0)(0,0)(0,0)(0,0)(0,0)(fx,0)(0,0)(0,0)(0,0)(0,0)(0,0)(0,0)(0,0)!;(3x,0)(0,0)!(7x,0)(0,0)(0,0)(0,0)!(3x,0)(0,0)!(c,0)(0,0)(0,0)(0,0)(0,0)(0,0);(3x,0)(0,0)!(2,0)(2,0)(2,0)(1x,0)!(3x,0)(0,0)!(2,0)(2,0)(2,0)(2,0)(2,0)(2,0)
(ax,0)!(0,0)!(0,0)!(0,0)!(0,0)!(0,0)!(0,0)!(0,0)!(0,0)!(0,0)!(0,5)!(0,0)!(0,0)!(0,0)!(0,0)!(5,0)!(0,0)!(0,0)!(0,0)!(0,0)!(0,5)!(0,0)!(0,0)!(0,0)!(0,0)!;(ax,0)(0,0)(0,0)(0,0)(0,0)(0,5)(0,0)(0,0)!(5,0)(0,0)(0,0)!(0,5)(0,0)(0,0)!;(2x,0)(0,8)(0,0)(0,0)(0,0)(0,2x)(3x,0)(0,0)!(2x,0)(0,3x)(0,0)!(0,2x)(3x,0)(0,0)!;(2x,0)(0,2)(0,2)(0,2)(0,2)(0,2x)(2,0)(1x,0)!(2x,0)(0,2)(0,1x)!(0,2x)(2,0)(1x,0)!
(ax,0)!(0,0)!(0,0)!(0,0)!(0,0)!(0,0)!(0,0)!(0,0)!(0,0)!(0,0)!(0,5)!(0,0)!(0,0)!(0,0)!(0,0)!(5x,0)!(0,0)!(0,0)!(0,0)!(0,0)!(5x,0)!(0,0)!(0,0)!(0,0)!(0,0)!;(ax,0)(0,0)(0,0)(0,0)(0,0)(0,5)(0,0)(0,0)!(5x,0)(0,0)(0,0)!(5x,0)(0,0)(0,0)!;(2x,0)(0,8)(0,0)(0,0)(0,0)(0,2x)(3x,0)(0,0)!(3x,0)(0,0)!(2,0)(3x,0)(0,0)!(2,0);(2x,0)(0,2)(0,2)(0,2)(0,2)(0,2x)(2,0)(1x,0)!(3x,0)(0,0)!(2,0)(3x,0)(0,0)!(2,0)
(ax,0)!(0,0)!(0,0)!(0,0)!(0,0)!(0,0)!(0,0)!(0,0)!(0,0)!(0,0)!(0,5)!(0,0)!(0,0)!(0,0)!(0,0)!(a,0)!(0,0)!(0,0)!(0,0)!(0,0)!(0,0)!(0,0)!(0,0)!(0,0)!(0,0)!;(ax,0)(0,0)(0,0)(0,0)(0,0)(0,5)(0,0)(0,0)!(a,0)(0,0)(0,0)(0,0)(0,0);(2x,0)(0,8)(0,0)(0,0)(0,0)(0,2x)(3x,0)(0,0)!(3x,0)(0,0)!(7x,0)(0,0)(0,0)(0,0)!;(2x,0)(0,2)(0,2)(0,2)(0,2)(0,2x)(2,0)(1x,0)!(3x,0)(0,0)!(2,0)(2,0)(2,0)(1x,0)!
(ax,0)!(0,0)!(0,0)!(0,0)!(0,0)!(0,0)!(0,0)!(0,0)!(0,0)!(0,0)!(0,5x)!(0,0)!(0,0)!(0,0)!(0,0)!(0,5)!(0,0)!(0,0)!(0,0)!(0,0)!(5x,0)!(0,0)!(0,0)!(0,0)!(0,0)!;(ax,0)(0,0)(0,0)(0,0)(0,0)(0,5x)(0,0)(0,0)!(0,5)(0,0)(0,0)!(5x,0)(0,0)(0,0)!;(2x,0)(0,8)(0,0)(0,0)(0,0)(0,3x)(0,0)!(0,2)(0,2x)(3x,0)(0,0)!(3x,0)(0,0)!(2,0);(2x,0)(0,2)(0,2)(0,2)(0,2)(0,3x)(0,0)!(0,2)(0,2x)(2,0)(1x,0)!(3x,0)(0,0)!(2,0)
(ax,0)!(0,0)!(0,0)!(0,0)!(0,0)!(0,0)!(0,0)!(0,0)!(0,0)!(0,0)!(0,5x)!(0,0)!(0,0)!(0,0)!(0,0)!(0,5x)!(0,0)!(0,0)!(0,0)!(0,0)!(0,5)!(0,0)!(0,0)!(0,0)!(0,0)!;(ax,0)(0,0)(0,0)(0,0)(0,0)(0,5x)(0,0)(0,0)!(0,5x)(0,0)(0,0)!(0,5)(0,0)(0,0)!;(2x,0)(0,8)(0,0)(0,0)(0,0)(0,3x)(0,0)!(0,2)(0,3x)(0,0)!(0,2)(0,2x)(3x,0)(0,0)!;(2x,0)(0,2)(0,2)(0,2)(0,2)(0,3x)(0,0)!(0,2)(0,3x)(0,0)!(0,2)(0,2x)(2,0)(1x,0)!
(ax,0)!(0,0)!(0,0)!(0,0)!(0,0)!(0,0)!(0,0)!(0,0)!(0,0)!(0,0)!(0,5x)!(0,0)!(0,0)!(0,0)!(0,0)!(0,ax)!(0,0)!(0,0)!(0,0)!(0,0)!(0,0)!(0,0)!(0,0)!(0,0)!(0,0)!;(ax,0)(0,0)(0,0)(0,0)(0,0)(0,5x)(0,0)(0,0)!(0,ax)(0,0)(0,0)(0,0)(0,0);(2x,0)(0,8)(0,0)(0,0)(0,0)(0,3x)(0,0)!(0,2)(0,2x)(8,0)(0,0)(0,0)(0,0);(2x,0)(0,2)(0,2)(0,2)(0,2)(0,3x)(0,0)!(0,2)(0,2x)(2,0)(2,0)(2,0)(2,0)
(ax,0)!(0,0)!(0,0)!(0,0)!(0,0)!(0,0)!(0,0)!(0,0)!(0,0)!(0,0)!(0,a)!(0,0)!(0,0)!(0,0)!(0,0)!(0,0)!(0,0)!(0,0)!(0,0)!(0,0)!(0,5)!(0,0)!(0,0)!(0,0)!(0,0)!;(ax,0)(0,0)(0,0)(0,0)(0,0)(0,a)(0,0)(0,0)(0,0)(0,0)(0,5)(0,0)(0,0)!;(2x,0)(0,8)(0,0)(0,0)(0,0)(0,3x)(0,0)!(0,7x)(0,0)(0,0)(0,0)!(0,2x)(3x,0)(0,0)!;(2x,0)(0,2)(0,2)(0,2)(0,2)(0,3x)(0,0)!(0,2)(0,2)(0,2)(0,1x)!(0,2x)(2,0)(1x,0)!
(ax,0)!(0,0)!(0,0)!(0,0)!(0,0)!(0,0)!(0,0)!(0,0)!(0,0)!(0,0)!(0,ax)!(0,0)!(0,0)!(0,0)!(0,0)!(0,0)!(0,0)!(0,0)!(0,0)!(0,0)!(5x,0)!(0,0)!(0,0)!(0,0)!(0,0)!;(ax,0)(0,0)(0,0)(0,0)(0,0)(0,ax)(0,0)(0,0)(0,0)(0,0)(5x,0)(0,0)(0,0)!;(2x,0)(0,8)(0,0)(0,0)(0,0)(0,2x)(8,0)(0,0)(0,0)(0,0)(3x,0)(0,0)!(2,0);(2x,0)(0,2)(0,2)(0,2)(0,2)(0,2x)(2,0)(2,0)(2,0)(2,0)(3x,0)(0,0)!(2,0)
(ax,0)!(0,0)!(0,0)!(0,0)!(0,0)!(0,0)!(0,0)!(0,0)!(0,0)!(0,0)!(0,f)!(0,0)!(0,0)!(0,0)!(0,0)!(0,0)!(0,0)!(0,0)!(0,0)!(0,0)!(0,0)!(0,0)!(0,0)!(0,0)!(0,0)!;(ax,0)(0,0)(0,0)(0,0)(0,0)(0,f)(0,0)(0,0)(0,0)(0,0)(0,0)(0,0)(0,0)!;(2x,0)(0,8)(0,0)(0,0)(0,0)(0,2x)(dx,0)(0,0)(0,0)(0,0)(0,0)(0,0)(0,0)!;(2x,0)(0,2)(0,2)(0,2)(0,2)(0,2x)(2,0)(2,0)(2,0)(2,0)(2,0)(2,0)(1x,0)!
(f,0)!(0,0)!(0,0)!(0,0)!(0,0)!(0,0)!(0,0)!(0,0)!(0,0)!(0,0)!(0,0)!(0,0)!(0,0)!(0,0)!(0,0)!(0,5)!(0,0)!(0,0)!(0,0)!(0,0)!(5x,0)!(0,0)!(0,0)!(0,0)!(0,0)!;(f,0)(0,0)(0,0)(0,0)(0,0)(0,0)(0,0)(0,0)!(0,5)(0,0)(0,0)!(5x,0)(0,0)(0,0)!;(2x,0)(0,dx)(0,0)(0,0)(0,0)(0,0)(0,0)(0,0)!(0,2x)(3x,0)(0,0)!(3x,0)(0,0)!(2,0);(2x,0)(0,2)(0,2)(0,2)(0,2)(0,2)(0,2)(0,1x)!(0,2x)(2,0)(1x,0)!(3x,0)(0,0)!(2,0)
(f,0)!(0,0)!(0,0)!(0,0)!(0,0)!(0,0)!(0,0)!(0,0)!(0,0)!(0,0)!(0,0)!(0,0)!(0,0)!(0,0)!(0,0)!(0,5x)!(0,0)!(0,0)!(0,0)!(0,0)!(0,5)!(0,0)!(0,0)!(0,0)!(0,0)!;(f,0)(0,0)(0,0)(0,0)(0,0)(0,0)(0,0)(0,0)!(0,5x)(0,0)(0,0)!(0,5)(0,0)(0,0)!;(2x,0)(0,dx)(0,0)(0,0)(0,0)(0,0)(0,0)(0,0)!(0,3x)(0,0)!(0,2)(0,2x)(3x,0)(0,0)!;(2x,0)(0,2)(0,2)(0,2)(0,2)(0,2)(0,2)(0,1x)!(0,3x)(0,0)!(0,2)(0,2x)(2,0)(1x,0)!
(f,0)!(0,0)!(0,0)!(0,0)!(0,0)!(0,0)!(0,0)!(0,0)!(0,0)!(0,0)!(0,0)!(0,0)!(0,0)!(0,0)!(0,0)!(0,ax)!(0,0)!(0,0)!(0,0)!(0,0)!(0,0)!(0,0)!(0,0)!(0,0)!(0,0)!;(f,0)(0,0)(0,0)(0,0)(0,0)(0,0)(0,0)(0,0)!(0,ax)(0,0)(0,0)(0,0)(0,0);(2x,0)(0,dx)(0,0)(0,0)(0,0)(0,0)(0,0)(0,0)!(0,2x)(8,0)(0,0)(0,0)(0,0);(2x,0)(0,2)(0,2)(0,2)(0,2)(0,2)(0,2)(0,1x)!(0,2x)(2,0)(2,0)(2,0)(2,0)
(fx,0)!(0,0)!(0,0)!(0,0)!(0,0)!(0,0)!(0,0)!(0,0)!(0,0)!(0,0)!(0,0)!(0,0)!(0,0)!(0,0)!(0,0)!(5,0)!(0,0)!(0,0)!(0,0)!(0,0)!(0,5)!(0,0)!(0,0)!(0,0)!(0,0)!;(fx,0)(0,0)(0,0)(0,0)(0,0)(0,0)(0,0)(0,0)!(5,0)(0,0)(0,0)!(0,5)(0,0)(0,0)!;(3x,0)(0,0)!(c,0)(0,0)(0,0)(0,0)(0,0)(0,0)(2x,0)(0,3x)(0,0)!(0,2x)(3x,0)(0,0)!;(3x,0)(0,0)!(2,0)(2,0)(2,0)(2,0)(2,0)(2,0)(2x,0)(0,2)(0,1x)!(0,2x)(2,0)(1x,0)!
(fx,0)!(0,0)!(0,0)!(0,0)!(0,0)!(0,0)!(0,0)!(0,0)!(0,0)!(0,0)!(0,0)!(0,0)!(0,0)!(0,0)!(0,0)!(5x,0)!(0,0)!(0,0)!(0,0)!(0,0)!(5x,0)!(0,0)!(0,0)!(0,0)!(0,0)!;(fx,0)(0,0)(0,0)(0,0)(0,0)(0,0)(0,0)(0,0)!(5x,0)(0,0)(0,0)!(5x,0)(0,0)(0,0)!;(3x,0)(0,0)!(c,0)(0,0)(0,0)(0,0)(0,0)(0,0)(3x,0)(0,0)!(2,0)(3x,0)(0,0)!(2,0);(3x,0)(0,0)!(2,0)(2,0)(2,0)(2,0)(2,0)(2,0)(3x,0)(0,0)!(2,0)(3x,0)(0,0)!(2,0)
(fx,0)!(0,0)!(0,0)!(0,0)!(0,0)!(0,0)!(0,0)!(0,0)!(0,0)!(0,0)!(0,0)!(0,0)!(0,0)!(0,0)!(0,0)!(a,0)!(0,0)!(0,0)!(0,0)!(0,0)!(0,0)!(0,0)!(0,0)!(0,0)!(0,0)!;(fx,0)(0,0)(0,0)(0,0)(0,0)(0,0)(0,0)(0,0)!(a,0)(0,0)(0,0)(0,0)(0,0);(3x,0)(0,0)!(c,0)(0,0)(0,0)(0,0)(0,0)(0,0)(3x,0)(0,0)!(7x,0)(0,0)(0,0)(0,0)!;(3x,0)(0,0)!(2,0)(2,0)(2,0)(2,0)(2,0)(2,0)(3x,0)(0,0)!(2,0)(2,0)(2,0)(1x,0)!
