(0,0,0,0,0,0,0,0)(0,0,0,0,0,0,0,0)(0,0,0,0,0,0,0,0)(0,0,0,0,0,0,8:3,0);<(0,0)|(0,0)><(0,0)|(0,0)><(0,0)|(0,0)><(0,0)|(0,8)>;(0,0,0,0,0,0,0,0)(0,0,0,0,0,0,0,0)(0,0,0,0,0,0,0,0)(0,5,0,0,0,0,3,0);<(0,0)!|(0,0)!><(0,0)|(0,5x)><(0,0)|(0,0)><(0,0)!|(0,0)!><(0,0)|(0,3x)>;(0,0,0,0,0,0,0,0)(0,0,0,0,0,0,0,0)(0,0,0,0,0,0,0,0)(0,2,0,2,0,1,3,0);<(0,0)!|(0,0)!><(0,0)|(0,2)><(0,0)|(0,2)><(0,0)!|(0,1x)!><(0,0)|(0,3x)>
(0,0,0,0,0,0,0,0)(0,0,0,0,0,0,0,0)(0,0,0,0,0,0,0,0)(0,0,0,0,2:3,0,6:3,0);<(0,0)|(0,0)><(0,0)|(0,0)><(0,0)|(0,2)><(0,0)|(0,6)>;(0,0,0,0,0,0,0,0)(0,0,0,0,0,0,0,0)(0,0,0,0,0,0,0,0)(0,3,0,0,2,0,3,0);<(0,0)!|(0,0)!><(0,0)|(0,3x)><(0,0)!|(0,0)!><(0,0)|(0,2)><(0,0)|(0,3x)>;(0,0,0,0,0,0,0,0)(0,0,0,0,0,0,0,0)(0,0,0,0,0,0,0,0)(0,2,0,1,2,0,3,0);<(0,0)!|(0,0)!><(0,0)|(0,2)><(0,0)!|(0,1x)!><(0,0)|(0,2)><(0,0)|(0,3x)>
(0,0,0,0,0,0,0,0)(0,0,0,0,0,0,0,0)(0,0,0,0,0,0,0,0)(0,0,0,0,8:3,0,0,0);<(0,0)|(0,0)><(0,0)|(0,0)><(0,0)|(0,8)><(0,0)|(0,0)>;(0,0,0,0,0,0,0,0)(0,0,0,0,0,0,0,0)(0,0,0,0,0,0,0,0)(0,0,0,0,3,0,0,5);<(0,0)|(0,0)><(0,0)|(0,0)><(0,0)|(0,3x)><(0,0)!|(0,0)!><(0,0)!|(0,5x)!>;(0,0,0,0,0,0,0,0)(0,0,0,0,0,0,0,0)(0,0,0,0,0,0,0,0)(0,2,0,1,3,0,0,2);<(0,0)!|(0,0)!><(0,0)|(0,2)><(0,0)!|(0,1x)!><(0,0)|(0,3x)><(0,0)!|(0,0)!><(0,0)!|(0,2)!>
(0,0,0,0,0,0,0,0)(0,0,0,0,0,0,0,0)(0,0,0,0,0,0,0,0)(0,0,2:3,0,2:3,0,4:3,0);<(0,0)|(0,0)><(0,0)|(0,2)><(0,0)|(0,2)><(0,0)|(0,4)>;(0,0,0,0,0,0,0,0)(0,0,0,0,0,0,0,0)(0,0,0,0,0,0,0,0)(0,1,2,0,2,0,3,0);<(0,0)!|(0,0)!><(0,0)!|(0,1x)!><(0,0)|(0,2)><(0,0)|(0,2)><(0,0)|(0,3x)>;(0,0,0,0,0,0,0,0)(0,0,0,0,0,0,0,0)(0,0,0,0,0,0,0,0)(0,1,2,0,2,0,3,0);<(0,0)!|(0,0)!><(0,0)!|(0,1x)!><(0,0)|(0,2)><(0,0)|(0,2)><(0,0)|(0,3x)>
(0,0,0,0,0,0,0,0)(0,0,0,0,0,0,0,0)(0,0,0,0,0,0,0,0)(0,0,2:3,0,6:3,0,0,0);<(0,0)|(0,0)><(0,0)|(0,2)><(0,0)|(0,6)><(0,0)|(0,0)>;(0,0,0,0,0,0,0,0)(0,0,0,0,0,0,0,0)(0,0,0,0,0,0,0,0)(0,0,2,0,3,0,0,3);<(0,0)|(0,0)><(0,0)|(0,2)><(0,0)|(0,3x)><(0,0)!|(0,0)!><(0,0)!|(0,3x)!>;(0,0,0,0,0,0,0,0)(0,0,0,0,0,0,0,0)(0,0,0,0,0,0,0,0)(0,1,2,0,3,0,0,2);<(0,0)!|(0,0)!><(0,0)!|(0,1x)!><(0,0)|(0,2)><(0,0)|(0,3x)><(0,0)!|(0,0)!><(0,0)!|(0,2)!>
(0,0,0,0,0,0,0,0)(0,0,0,0,0,0,0,0)(0,0,0,0,0,0,0,0)(0,0,4:3,0,0,0,4:3,0);<(0,0)|(0,0)><(0,0)|(0,4)><(0,0)|(0,0)><(0,0)|(0,4)>;(0,0,0,0,0,0,0,0)(0,0,0,0,0,0,0,0)(0,0,0,0,0,0,0,0)(0,1,3,0,0,1,3,0);<(0,0)!|(0,0)!><(0,0)!|(0,1x)!><(0,0)|(0,3x)><(0,0)!|(0,0)!><(0,0)!|(0,1x)!><(0,0)|(0,3x)>;(0,0,0,0,0,0,0,0)(0,0,0,0,0,0,0,0)(0,0,0,0,0,0,0,0)(0,1,3,0,0,1,3,0);<(0,0)!|(0,0)!><(0,0)!|(0,1x)!><(0,0)|(0,3x)><(0,0)!|(0,0)!><(0,0)!|(0,1x)!><(0,0)|(0,3x)>
(0,0,0,0,0,0,0,0)(0,0,0,0,0,0,0,0)(0,0,0,0,0,0,0,0)(0,0,8:3,0,0,0,0,0);<(0,0)|(0,0)><(0,0)|(0,8)><(0,0)|(0,0)><(0,0)|(0,0)>;(0,0,0,0,0,0,0,0)(0,0,0,0,0,0,0,0)(0,0,0,0,0,0,0,0)(0,0,3,0,0,5,0,0);<(0,0)|(0,0)><(0,0)|(0,3x)><(0,0)!|(0,0)!><(0,0)|(0,5x)><(0,0)!|(0,0)!>;(0,0,0,0,0,0,0,0)(0,0,0,0,0,0,0,0)(0,0,0,0,0,0,0,0)(0,1,3,0,0,2,0,2);<(0,0)!|(0,0)!><(0,0)!|(0,1x)!><(0,0)|(0,3x)><(0,0)!|(0,0)!><(0,0)|(0,2)><(0,0)!|(0,2)!>
(0,0,0,0,0,0,0,0)(0,0,0,0,0,0,0,0)(0,0,0,0,0,0,0,0)(2:3,0,2:3,0,2:3,0,2:3,0);<(0,0)|(0,2)><(0,0)|(0,2)><(0,0)|(0,2)><(0,0)|(0,2)>;(0,0,0,0,0,0,0,0)(0,0,0,0,0,0,0,0)(0,0,0,0,0,0,0,0)(2,0,2,0,2,0,2,0);<(0,0)|(0,2)><(0,0)|(0,2)><(0,0)|(0,2)><(0,0)|(0,2)>;(0,0,0,0,0,0,0,0)(0,0,0,0,0,0,0,0)(0,0,0,0,0,0,0,0)(2,0,2,0,2,0,2,0);<(0,0)|(0,2)><(0,0)|(0,2)><(0,0)|(0,2)><(0,0)|(0,2)>
(0,0,0,0,0,0,0,0)(0,0,0,0,0,0,0,0)(0,0,0,0,0,0,0,0)(2:3,0,2:3,0,4:3,0,0,0);<(0,0)|(0,2)><(0,0)|(0,2)><(0,0)|(0,4)><(0,0)|(0,0)>;(0,0,0,0,0,0,0,0)(0,0,0,0,0,0,0,0)(0,0,0,0,0,0,0,0)(2,0,2,0,3,0,0,1);<(0,0)|(0,2)><(0,0)|(0,2)><(0,0)|(0,3x)><(0,0)!|(0,0)!><(0,0)!|(0,1x)!>;(0,0,0,0,0,0,0,0)(0,0,0,0,0,0,0,0)(0,0,0,0,0,0,0,0)(2,0,2,0,3,0,0,1);<(0,0)|(0,2)><(0,0)|(0,2)><(0,0)|(0,3x)><(0,0)!|(0,0)!><(0,0)!|(0,1x)!>
(0,0,0,0,0,0,0,0)(0,0,0,0,0,0,0,0)(0,0,0,0,0,0,0,0)(2:3,0,4:3,0,0,0,2:3,0);<(0,0)|(0,2)><(0,0)|(0,4)><(0,0)|(0,0)><(0,0)|(0,2)>;(0,0,0,0,0,0,0,0)(0,0,0,0,0,0,0,0)(0,0,0,0,0,0,0,0)(2,0,3,0,0,1,2,0);<(0,0)|(0,2)><(0,0)|(0,3x)><(0,0)!|(0,0)!><(0,0)!|(0,1x)!><(0,0)|(0,2)>;(0,0,0,0,0,0,0,0)(0,0,0,0,0,0,0,0)(0,0,0,0,0,0,0,0)(2,0,3,0,0,1,2,0);<(0,0)|(0,2)><(0,0)|(0,3x)><(0,0)!|(0,0)!><(0,0)!|(0,1x)!><(0,0)|(0,2)>
(0,0,0,0,0,0,0,0)(0,0,0,0,0,0,0,0)(0,0,0,0,0,0,0,0)(2:3,0,6:3,0,0,0,0,0);<(0,0)|(0,2)><(0,0)|(0,6)><(0,0)|(0,0)><(0,0)|(0,0)>;(0,0,0,0,0,0,0,0)(0,0,0,0,0,0,0,0)(0,0,0,0,0,0,0,0)(2,0,3,0,0,3,0,0);<(0,0)|(0,2)><(0,0)|(0,3x)><(0,0)!|(0,0)!><(0,0)|(0,3x)><(0,0)!|(0,0)!>;(0,0,0,0,0,0,0,0)(0,0,0,0,0,0,0,0)(0,0,0,0,0,0,0,0)(2,0,3,0,0,2,0,1);<(0,0)|(0,2)><(0,0)|(0,3x)><(0,0)!|(0,0)!><(0,0)|(0,2)><(0,0)!|(0,1x)!>
(0,0,0,0,0,0,0,0)(0,0,0,0,0,0,0,0)(0,0,0,0,0,0,0,0)(4:3,0,0,0,2:3,0,2:3,0);<(0,0)|(0,4)><(0,0)|(0,0)><(0,0)|(0,2)><(0,0)|(0,2)>;(0,0,0,0,0,0,0,0)(0,0,0,0,0,0,0,0)(0,0,0,0,0,0,0,0)(3,0,0,1,2,0,2,0);<(0,0)|(0,3x)><(0,0)!|(0,0)!><(0,0)!|(0,1x)!><(0,0)|(0,2)><(0,0)|(0,2)>;(0,0,0,0,0,0,0,0)(0,0,0,0,0,0,0,0)(0,0,0,0,0,0,0,0)(3,0,0,1,2,0,2,0);<(0,0)|(0,3x)><(0,0)!|(0,0)!><(0,0)!|(0,1x)!><(0,0)|(0,2)><(0,0)|(0,2)>
(0,0,0,0,0,0,0,0)(0,0,0,0,0,0,0,0)(0,0,0,0,0,0,0,0)(4:3,0,0,0,4:3,0,0,0);<(0,0)|(0,4)><(0,0)|(0,0)><(0,0)|(0,4)><(0,0)|(0,0)>;(0,0,0,0,0,0,0,0)(0,0,0,0,0,0,0,0)(0,0,0,0,0,0,0,0)(3,0,0,1,3,0,0,1);<(0,0)|(0,3x)><(0,0)!|(0,0)!><(0,0)!|(0,1x)!><(0,0)|(0,3x)><(0,0)!|(0,0)!><(0,0)!|(0,1x)!>;(0,0,0,0,0,0,0,0)(0,0,0,0,0,0,0,0)(0,0,0,0,0,0,0,0)(3,0,0,1,3,0,0,1);<(0,0)|(0,3x)><(0,0)!|(0,0)!><(0,0)!|(0,1x)!><(0,0)|(0,3x)><(0,0)!|(0,0)!><(0,0)!|(0,1x)!>
(0,0,0,0,0,0,0,0)(0,0,0,0,0,0,0,0)(0,0,0,0,0,0,0,0)(6:3,0,0,0,0,0,2:3,0);<(0,0)|(0,6)><(0,0)|(0,0)><(0,0)|(0,0)><(0,0)|(0,2)>;(0,0,0,0,0,0,0,0)(0,0,0,0,0,0,0,0)(0,0,0,0,0,0,0,0)(3,0,0,3,0,0,2,0);<(0,0)|(0,3x)><(0,0)!|(0,0)!><(0,0)|(0,3x)><(0,0)!|(0,0)!><(0,0)|(0,2)>;(0,0,0,0,0,0,0,0)(0,0,0,0,0,0,0,0)(0,0,0,0,0,0,0,0)(3,0,0,2,0,1,2,0);<(0,0)|(0,3x)><(0,0)!|(0,0)!><(0,0)|(0,2)><(0,0)!|(0,1x)!><(0,0)|(0,2)>
(0,0,0,0,0,0,0,0)(0,0,0,0,0,0,0,0)(0,0,0,0,0,0,0,0)(8:3,0,0,0,0,0,0,0);<(0,0)|(0,8)><(0,0)|(0,0)><(0,0)|(0,0)><(0,0)|(0,0)>;(0,0,0,0,0,0,0,0)(0,0,0,0,0,0,0,0)(0,0,0,0,0,0,0,0)(3,0,0,5,0,0,0,0);<(0,0)|(0,3x)><(0,0)!|(0,0)!><(0,0)|(0,5x)><(0,0)|(0,0)><(0,0)!|(0,0)!>;(0,0,0,0,0,0,0,0)(0,0,0,0,0,0,0,0)(0,0,0,0,0,0,0,0)(3,0,0,2,0,2,0,1);<(0,0)|(0,3x)><(0,0)!|(0,0)!><(0,0)|(0,2)><(0,0)|(0,2)><(0,0)!|(0,1x)!>
(0,0,0,0,0,0,0,0)(0,0,0,0,0,0,0,0)(2:3,0,0,0,0,0,0,0)(0,0,2:3,0,2:3,0,2:2,0);<(0,0)|(2x,0)><(0,0)|(0,2)><(0,0)|(0,2)><(0,0)|(0,2x)>;(0,0,0,0,0,0,0,0)(0,0,0,0,0,0,0,0)(2:3,0,0,0,0,0,0,0)(0,0,2,0,2,0,2:2,0);<(0,0)|(2x,0)><(0,0)|(0,2)><(0,0)|(0,2)><(0,0)|(0,2x)>;(0,0,0,0,0,0,0,0)(0,0,0,0,0,0,0,0)(2:3,0,0,0,0,0,0,0)(0,0,2,0,2,0,2:2,0);<(0,0)|(2x,0)><(0,0)|(0,2)><(0,0)|(0,2)><(0,0)|(0,2x)>
(0,0,0,0,0,0,0,0)(0,0,0,0,0,0,0,0)(2:3,0,0,0,0,0,0,0)(0,0,2:3,0,4:2,0,0,0);<(0,0)|(2x,0)><(0,0)|(0,2)><(0,0)|(0,4x)><(0,0)|(0,0)>;(0,0,0,0,0,0,0,0)(0,0,0,0,0,0,0,0)(2:3,0,0,0,0,0,2,0)(0,0,2,0,2:2,0,0,0);<(0,0)|(2x,0)><(0,0)|(0,2)><(0,0)|(0,2x)><(0,0)|(2,0)>;(0,0,0,0,0,0,0,0)(0,0,0,0,0,0,0,0)(2:3,0,0,0,0,0,2,0)(0,0,2,0,2:2,0,0,0);<(0,0)|(2x,0)><(0,0)|(0,2)><(0,0)|(0,2x)><(0,0)|(2,0)>
(0,0,0,0,0,0,0,0)(0,0,0,0,0,0,0,0)(2:3,0,0,0,0,0,0,0)(0,0,4:3,0,0,0,2:2,0);<(0,0)|(2x,0)><(0,0)|(0,4)><(0,0)|(0,0)><(0,0)|(0,2x)>;(0,0,0,0,0,0,0,0)(0,0,0,0,0,0,0,0)(2:3,0,0,0,0,0,0,0)(0,0,3,0,0,1,2:2,0);<(0,0)|(2x,0)><(0,0)|(0,3x)><(0,0)!|(0,0)!><(0,0)!|(0,1x)!><(0,0)|(0,2x)>;(0,0,0,0,0,0,0,0)(0,0,0,0,0,0,0,0)(2:3,0,0,0,0,0,0,0)(0,0,3,0,0,1,2:2,0);<(0,0)|(2x,0)><(0,0)|(0,3x)><(0,0)!|(0,0)!><(0,0)!|(0,1x)!><(0,0)|(0,2x)>
(0,0,0,0,0,0,0,0)(0,0,0,0,0,0,0,0)(2:3,0,0,0,0,0,0,0)(0,0,6:2,0,0,0,0,0);<(0,0)|(2x,0)><(0,0)|(0,6x)><(0,0)|(0,0)><(0,0)|(0,0)>;(0,0,0,0,0,0,0,0)(0,0,0,0,0,0,0,0)(2:3,0,0,0,4,0,0,0)(0,0,2:2,0,0,0,0,0);<(0,0)|(2x,0)><(0,0)|(0,2x)><(0,0)|(4,0)><(0,0)|(0,0)>;(0,0,0,0,0,0,0,0)(0,0,0,0,0,0,0,0)(2:3,0,0,0,2,0,2,0)(0,0,2:2,0,0,0,0,0);<(0,0)|(2x,0)><(0,0)|(0,2x)><(0,0)|(2,0)><(0,0)|(2,0)>
(0,0,0,0,0,0,0,0)(0,0,0,0,0,0,0,0)(4:3,0,0,0,0,0,0,0)(0,0,0,0,2:3,0,2:2,0);<(0,0)|(4x,0)><(0,0)|(0,0)><(0,0)|(0,2)><(0,0)|(0,2x)>;(0,0,0,0,0,0,0,0)(0,0,0,0,0,0,0,0)(2:3,0,0,0,0,0,0,0)(0,0,2,0,2,0,2:2,0);<(0,0)|(2x,0)><(0,0)|(0,2)><(0,0)|(0,2)><(0,0)|(0,2x)>;(0,0,0,0,0,0,0,0)(0,0,0,0,0,0,0,0)(2:3,0,0,0,0,0,0,0)(0,0,2,0,2,0,2:2,0);<(0,0)|(2x,0)><(0,0)|(0,2)><(0,0)|(0,2)><(0,0)|(0,2x)>
(0,0,0,0,0,0,0,0)(0,0,0,0,0,0,0,0)(4:3,0,0,0,0,0,0,0)(0,0,0,0,4:2,0,0,0);<(0,0)|(4x,0)><(0,0)|(0,0)><(0,0)|(0,4x)><(0,0)|(0,0)>;(0,0,0,0,0,0,0,0)(0,0,0,0,0,0,0,0)(2:3,0,0,0,0,0,2,0)(0,0,2,0,2:2,0,0,0);<(0,0)|(2x,0)><(0,0)|(0,2)><(0,0)|(0,2x)><(0,0)|(2,0)>;(0,0,0,0,0,0,0,0)(0,0,0,0,0,0,0,0)(2:3,0,0,0,0,0,2,0)(0,0,2,0,2:2,0,0,0);<(0,0)|(2x,0)><(0,0)|(0,2)><(0,0)|(0,2x)><(0,0)|(2,0)>
(0,0,0,0,0,0,0,0)(0,0,0,0,0,0,0,0)(6:3,0,0,0,0,0,0,0)(0,0,0,0,0,0,2:2,0);<(0,0)|(6x,0)><(0,0)|(0,0)><(0,0)|(0,0)><(0,0)|(0,2x)>;(0,0,0,0,0,0,0,0)(0,0,0,0,0,0,0,0)(2:3,0,0,0,0,0,0,0)(0,0,4,0,0,0,2:2,0);<(0,0)|(2x,0)><(0,0)|(0,4)><(0,0)|(0,0)><(0,0)|(0,2x)>;(0,0,0,0,0,0,0,0)(0,0,0,0,0,0,0,0)(2:3,0,0,0,0,0,0,0)(0,0,2,0,2,0,2:2,0);<(0,0)|(2x,0)><(0,0)|(0,2)><(0,0)|(0,2)><(0,0)|(0,2x)>
(0,0,0,0,0,0,0,0)(0,0,0,0,0,0,0,0)(8:2,0,0,0,0,0,0,0)(0,0,0,0,0,0,0,0);<0|8><0|0><0|0><0|0><0|0><0|0><0|0><0|0>;(0,0,0,0,0,0,0,0)(0,0,0,0,0,0,0,0)(3,0,0,5,0,0,0,0)(0,0,0,0,0,0,0,0);<(0,0)|(3x,0)><(0,0)!|(0,0)!><(0,0)|(5x,0)><(0,0)|(0,0)><(0,0)!|(0,0)!>;(0,0,0,0,0,0,0,0)(0,0,0,0,0,0,0,0)(3,0,0,2,0,2,0,1)(0,0,0,0,0,0,0,0);<(0,0)|(3x,0)><(0,0)!|(0,0)!><(0,0)|(2,0)><(0,0)|(2,0)><(0,0)!|(1x,0)!>
(0,0,0,0,0,0,0,0)(2:3,0,0,0,0,0,0,0)(0,0,0,0,0,0,0,0)(0,0,2:3,0,2:3,0,2:1,0);<(0,2p2)|(0,0)><(0,0)|(0,2)><(0,0)|(0,2)><(0,0)|(0,2p1)>;(0,0,0,0,0,0,0,0)(2:3,0,0,0,0,0,0,0)(0,0,0,0,0,0,0,0)(0,0,2,0,2,0,2:1,0);<(0,2p2)|(0,0)><(0,0)|(0,2)><(0,0)|(0,2)><(0,0)|(0,2p1)>;(0,0,0,0,0,0,0,0)(2:3,0,0,0,0,0,0,0)(0,0,0,0,0,0,0,0)(0,0,2,0,2,0,2:1,0);<(0,2p2)|(0,0)><(0,0)|(0,2)><(0,0)|(0,2)><(0,0)|(0,2p1)>
(0,0,0,0,0,0,0,0)(2:3,0,0,0,0,0,0,0)(0,0,0,0,0,0,0,0)(0,0,2:3,0,4:1,0,0,0);<(0,2p2)|(0,0)><(0,0)|(0,2)><(0,0)|(0,4p1)><(0,0)|(0,0)>;(0,0,0,0,0,0,0,0)(2:3,0,0,0,0,0,2,0)(0,0,0,0,0,0,0,0)(0,0,2,0,2:1,0,0,0);<(0,2p2)|(0,0)><(0,0)|(0,2)><(0,0)|(0,2p1)><(0,2)|(0,0)>;(0,0,0,0,0,0,0,0)(2:3,0,0,0,0,0,2,0)(0,0,0,0,0,0,0,0)(0,0,2,0,2:1,0,0,0);<(0,2p2)|(0,0)><(0,0)|(0,2)><(0,0)|(0,2p1)><(0,2)|(0,0)>
(0,0,0,0,0,0,0,0)(2:3,0,0,0,0,0,0,0)(0,0,0,0,0,0,0,0)(0,0,4:3,0,0,0,2:1,0);<(0,2p2)|(0,0)><(0,0)|(0,4)><(0,0)|(0,0)><(0,0)|(0,2p1)>;(0,0,0,0,0,0,0,0)(2:3,0,0,0,0,0,0,0)(0,0,0,0,0,0,0,0)(0,0,3,0,0,1,2:1,0);<(0,2p2)|(0,0)><(0,0)|(0,3x)><(0,0)!|(0,0)!><(0,0)!|(0,1x)!><(0,0)|(0,2p1)>;(0,0,0,0,0,0,0,0)(2:3,0,0,0,0,0,0,0)(0,0,0,0,0,0,0,0)(0,0,3,0,0,1,2:1,0);<(0,2p2)|(0,0)><(0,0)|(0,3x)><(0,0)!|(0,0)!><(0,0)!|(0,1x)!><(0,0)|(0,2p1)>
(0,0,0,0,0,0,0,0)(2:3,0,0,0,0,0,0,0)(0,0,0,0,0,0,0,0)(0,0,6:1,0,0,0,0,0);<(0,2p2)|(0,0)><(0,0)|(0,6p1)><(0,0)|(0,0)><(0,0)|(0,0)>;(0,0,0,0,0,0,0,0)(2:3,0,0,0,4,0,0,0)(0,0,0,0,0,0,0,0)(0,0,2:1,0,0,0,0,0);<(0,2p2)|(0,0)><(0,0)|(0,2p1)><(0,4)|(0,0)><(0,0)|(0,0)>;(0,0,0,0,0,0,0,0)(2:3,0,0,0,2,0,2,0)(0,0,0,0,0,0,0,0)(0,0,2:1,0,0,0,0,0);<(0,2p2)|(0,0)><(0,0)|(0,2p1)><(0,2)|(0,0)><(0,2)|(0,0)>
(0,0,0,0,0,0,0,0)(4:3,0,0,0,0,0,0,0)(0,0,0,0,0,0,0,0)(0,0,0,0,2:3,0,2:1,0);<(0,4p2)|(0,0)><(0,0)|(0,0)><(0,0)|(0,2)><(0,0)|(0,2p1)>;(0,0,0,0,0,0,0,0)(2:3,0,0,0,0,0,0,0)(0,0,0,0,0,0,0,0)(0,0,2,0,2,0,2:1,0);<(0,2p2)|(0,0)><(0,0)|(0,2)><(0,0)|(0,2)><(0,0)|(0,2p1)>;(0,0,0,0,0,0,0,0)(2:3,0,0,0,0,0,0,0)(0,0,0,0,0,0,0,0)(0,0,2,0,2,0,2:1,0);<(0,2p2)|(0,0)><(0,0)|(0,2)><(0,0)|(0,2)><(0,0)|(0,2p1)>
(0,0,0,0,0,0,0,0)(4:3,0,0,0,0,0,0,0)(0,0,0,0,0,0,0,0)(0,0,0,0,4:1,0,0,0);<(0,4p2)|(0,0)><(0,0)|(0,0)><(0,0)|(0,4p1)><(0,0)|(0,0)>;(0,0,0,0,0,0,0,0)(2:3,0,0,0,0,0,2,0)(0,0,0,0,0,0,0,0)(0,0,2,0,2:1,0,0,0);<(0,2p2)|(0,0)><(0,0)|(0,2)><(0,0)|(0,2p1)><(0,2)|(0,0)>;(0,0,0,0,0,0,0,0)(2:3,0,0,0,0,0,2,0)(0,0,0,0,0,0,0,0)(0,0,2,0,2:1,0,0,0);<(0,2p2)|(0,0)><(0,0)|(0,2)><(0,0)|(0,2p1)><(0,2)|(0,0)>
(0,0,0,0,0,0,0,0)(6:3,0,0,0,0,0,0,0)(0,0,0,0,0,0,0,0)(0,0,0,0,0,0,2:1,0);<(0,6p2)|(0,0)><(0,0)|(0,0)><(0,0)|(0,0)><(0,0)|(0,2p1)>;(0,0,0,0,0,0,0,0)(2:3,0,0,0,0,0,0,0)(0,0,0,0,0,0,0,0)(0,0,4,0,0,0,2:1,0);<(0,2p2)|(0,0)><(0,0)|(0,4)><(0,0)|(0,0)><(0,0)|(0,2p1)>;(0,0,0,0,0,0,0,0)(2:3,0,0,0,0,0,0,0)(0,0,0,0,0,0,0,0)(0,0,2,0,2,0,2:1,0);<(0,2p2)|(0,0)><(0,0)|(0,2)><(0,0)|(0,2)><(0,0)|(0,2p1)>
(0,0,0,0,0,0,0,0)(8:1,0,0,0,0,0,0,0)(0,0,0,0,0,0,0,0)(0,0,0,0,0,0,0,0);<(0,8)|(0,0)><(0,0)|(0,0)><(0,0)|(0,0)><(0,0)|(0,0)>;(0,0,0,0,0,0,0,0)(3,0,0,5,0,0,0,0)(0,0,0,0,0,0,0,0)(0,0,0,0,0,0,0,0);<(0,3x)|(0,0)><(0,0)!|(0,0)!><(0,5x)|(0,0)><(0,0)|(0,0)><(0,0)!|(0,0)!>;(0,0,0,0,0,0,0,0)(3,0,0,2,0,2,0,1)(0,0,0,0,0,0,0,0)(0,0,0,0,0,0,0,0);<(0,3x)|(0,0)><(0,0)!|(0,0)!><(0,2)|(0,0)><(0,2)|(0,0)><(0,1x)!|(0,0)!>
(0,0,0,0,2:3,0,0,0)(0,0,0,0,0,0,0,0)(0,0,0,0,0,0,0,0)(0,0,0,0,0,0,6:0,0);<(0,0)|(0,0)><(0,0)|(0,0)><(2xp2,0)|(0,0)><(0,0)|(0,6xp1)>;(4,0,0,0,2:3,0,0,0)(0,0,0,0,0,0,0,0)(0,0,0,0,0,0,0,0)(0,0,0,0,0,0,2:0,0);<(4,0)|(0,0)><(0,0)|(0,0)><(2xp2,0)|(0,0)><(0,0)|(0,2xp1)>;(2,0,2,0,2:3,0,0,0)(0,0,0,0,0,0,0,0)(0,0,0,0,0,0,0,0)(0,0,0,0,0,0,2:0,0);<(2,0)|(0,0)><(2,0)|(0,0)><(2xp2,0)|(0,0)><(0,0)|(0,2xp1)>
(0,0,0,0,2:3,0,0,0)(0,0,0,0,0,0,0,0)(0,0,0,0,0,0,0,0)(0,0,2:0,0,0,0,4:3,0);<(0,0)|(0,0)><(0,0)|(0,2xp1)><(2xp2,0)|(0,0)><(0,0)|(0,4)>;(0,0,0,0,2:3,0,0,0)(0,0,0,0,0,0,0,0)(0,0,0,0,0,0,0,0)(0,1,2:0,0,0,0,3,0);<(0,0)!|(0,0)!><(0,0)!|(0,1x)!><(0,0)|(0,2xp1)><(2xp2,0)|(0,0)><(0,0)|(0,3x)>;(0,0,0,0,2:3,0,0,0)(0,0,0,0,0,0,0,0)(0,0,0,0,0,0,0,0)(0,1,2:0,0,0,0,3,0);<(0,0)!|(0,0)!><(0,0)!|(0,1x)!><(0,0)|(0,2xp1)><(2xp2,0)|(0,0)><(0,0)|(0,3x)>
(0,0,0,0,2:3,0,0,0)(0,0,0,0,0,0,0,0)(0,0,0,0,0,0,0,0)(2:3,0,2:0,0,0,0,2:3,0);<(0,0)|(0,2)><(0,0)|(0,2xp1)><(2xp2,0)|(0,0)><(0,0)|(0,2)>;(0,0,0,0,2:3,0,0,0)(0,0,0,0,0,0,0,0)(0,0,0,0,0,0,0,0)(2,0,2:0,0,0,0,2,0);<(0,0)|(0,2)><(0,0)|(0,2xp1)><(2xp2,0)|(0,0)><(0,0)|(0,2)>;(0,0,0,0,2:3,0,0,0)(0,0,0,0,0,0,0,0)(0,0,0,0,0,0,0,0)(2,0,2:0,0,0,0,2,0);<(0,0)|(0,2)><(0,0)|(0,2xp1)><(2xp2,0)|(0,0)><(0,0)|(0,2)>
(0,0,0,0,2:3,0,0,0)(0,0,0,0,0,0,0,0)(0,0,0,0,0,0,0,0)(4:0,0,0,0,0,0,2:3,0);<(0,0)|(0,4xp1)><(0,0)|(0,0)><(2xp2,0)|(0,0)><(0,0)|(0,2)>;(0,0,2,0,2:3,0,0,0)(0,0,0,0,0,0,0,0)(0,0,0,0,0,0,0,0)(2:0,0,0,0,0,0,2,0);<(0,0)|(0,2xp1)><(2,0)|(0,0)><(2xp2,0)|(0,0)><(0,0)|(0,2)>;(0,0,2,0,2:3,0,0,0)(0,0,0,0,0,0,0,0)(0,0,0,0,0,0,0,0)(2:0,0,0,0,0,0,2,0);<(0,0)|(0,2xp1)><(2,0)|(0,0)><(2xp2,0)|(0,0)><(0,0)|(0,2)>
(0,0,0,0,2:3,0,0,0)(0,0,0,0,0,0,0,0)(2:3,0,0,0,0,0,0,0)(0,0,2:0,0,0,0,2:2,0);<(0,0)|(2x,0)><(0,0)|(0,2xp1)><(2xp2,0)|(0,0)><(0,0)|(0,2x)>;(0,0,0,0,2:3,0,0,0)(0,0,0,0,0,0,0,0)(2:3,0,0,0,0,0,0,0)(0,0,2:0,0,0,0,2:2,0);<(0,0)|(2x,0)><(0,0)|(0,2xp1)><(2xp2,0)|(0,0)><(0,0)|(0,2x)>;(0,0,0,0,2:3,0,0,0)(0,0,0,0,0,0,0,0)(2:3,0,0,0,0,0,0,0)(0,0,2:0,0,0,0,2:2,0);<(0,0)|(2x,0)><(0,0)|(0,2xp1)><(2xp2,0)|(0,0)><(0,0)|(0,2x)>
(0,0,0,0,2:3,0,0,0)(0,0,0,0,0,0,0,0)(4:0,0,0,0,0,0,0,0)(0,0,0,0,0,0,2:2,0);<(0,0)|(4p1,0)><(0,0)|(0,0)><(2xp2,0)|(0,0)><(0,0)|(0,2x)>;(0,0,2,0,2:3,0,0,0)(0,0,0,0,0,0,0,0)(2:0,0,0,0,0,0,0,0)(0,0,0,0,0,0,2:2,0);<(0,0)|(2p1,0)><(2,0)|(0,0)><(2xp2,0)|(0,0)><(0,0)|(0,2x)>;(0,0,2,0,2:3,0,0,0)(0,0,0,0,0,0,0,0)(2:0,0,0,0,0,0,0,0)(0,0,0,0,0,0,2:2,0);<(0,0)|(2p1,0)><(2,0)|(0,0)><(2xp2,0)|(0,0)><(0,0)|(0,2x)>
(0,0,0,0,2:3,0,0,0)(2:3,0,0,0,0,0,0,0)(0,0,0,0,0,0,0,0)(0,0,2:0,0,0,0,2:1,0);<(0,2p2)|(0,0)><(0,0)|(0,2xp1)><(2xp2,0)|(0,0)><(0,0)|(0,2p1)>;(0,0,0,0,2:3,0,0,0)(2:3,0,0,0,0,0,0,0)(0,0,0,0,0,0,0,0)(0,0,2:0,0,0,0,2:1,0);<(0,2p2)|(0,0)><(0,0)|(0,2xp1)><(2xp2,0)|(0,0)><(0,0)|(0,2p1)>;(0,0,0,0,2:3,0,0,0)(2:3,0,0,0,0,0,0,0)(0,0,0,0,0,0,0,0)(0,0,2:0,0,0,0,2:1,0);<(0,2p2)|(0,0)><(0,0)|(0,2xp1)><(2xp2,0)|(0,0)><(0,0)|(0,2p1)>
(0,0,0,0,2:3,0,0,0)(4:0,0,0,0,0,0,0,0)(0,0,0,0,0,0,0,0)(0,0,0,0,0,0,2:1,0);<(0,4x)|(0,0)><(0,0)|(0,0)><(2xp2,0)|(0,0)><(0,0)|(0,2p1)>;(0,0,2,0,2:3,0,0,0)(2:0,0,0,0,0,0,0,0)(0,0,0,0,0,0,0,0)(0,0,0,0,0,0,2:1,0);<(0,2x)|(0,0)><(2,0)|(0,0)><(2xp2,0)|(0,0)><(0,0)|(0,2p1)>;(0,0,2,0,2:3,0,0,0)(2:0,0,0,0,0,0,0,0)(0,0,0,0,0,0,0,0)(0,0,0,0,0,0,2:1,0);<(0,2x)|(0,0)><(2,0)|(0,0)><(2xp2,0)|(0,0)><(0,0)|(0,2p1)>
(0,0,0,0,4:1,0,0,0)(2:3,0,0,0,0,0,0,0)(0,0,0,0,0,0,0,0)(0,0,2:0,0,0,0,0,0);<(0,2p2)|(0,0)><(0,0)|(0,2xp1)><(4x,0)|(0,0)><(0,0)|(0,0)>;(0,0,0,0,2:1,0,0,0)(2:3,0,0,0,0,0,2,0)(0,0,0,0,0,0,0,0)(0,0,2:0,0,0,0,0,0);<(0,2p2)|(0,0)><(0,0)|(0,2xp1)><(2x,0)|(0,0)><(0,2)|(0,0)>;(0,0,0,0,2:1,0,0,0)(2:3,0,0,0,0,0,2,0)(0,0,0,0,0,0,0,0)(0,0,2:0,0,0,0,0,0);<(0,2p2)|(0,0)><(0,0)|(0,2xp1)><(2x,0)|(0,0)><(0,2)|(0,0)>
(0,0,0,0,4:1,0,0,0)(4:0,0,0,0,0,0,0,0)(0,0,0,0,0,0,0,0)(0,0,0,0,0,0,0,0);<(0,4x)|(0,0)><(0,0)|(0,0)><(4x,0)|(0,0)><(0,0)|(0,0)>;(0,0,2,0,2:1,0,0,0)(2:0,0,0,0,0,0,2,0)(0,0,0,0,0,0,0,0)(0,0,0,0,0,0,0,0);<(0,2x)|(0,0)><(2,0)|(0,0)><(2x,0)|(0,0)><(0,2)|(0,0)>;(0,0,2,0,2:1,0,0,0)(2:0,0,0,0,0,0,2,0)(0,0,0,0,0,0,0,0)(0,0,0,0,0,0,0,0);<(0,2x)|(0,0)><(2,0)|(0,0)><(2x,0)|(0,0)><(0,2)|(0,0)>
(0,0,0,0,4:2,0,0,0)(0,0,0,0,0,0,0,0)(2:3,0,0,0,0,0,0,0)(0,0,2:0,0,0,0,0,0);<(0,0)|(2x,0)><(0,0)|(0,2xp1)><(4p2,0)|(0,0)><(0,0)|(0,0)>;(0,0,0,0,2:2,0,0,0)(0,0,0,0,0,0,0,0)(2:3,0,0,0,0,0,2,0)(0,0,2:0,0,0,0,0,0);<(0,0)|(2x,0)><(0,0)|(0,2xp1)><(2p2,0)|(0,0)><(0,0)|(2,0)>;(0,0,0,0,2:2,0,0,0)(0,0,0,0,0,0,0,0)(2:3,0,0,0,0,0,2,0)(0,0,2:0,0,0,0,0,0);<(0,0)|(2x,0)><(0,0)|(0,2xp1)><(2p2,0)|(0,0)><(0,0)|(2,0)>
(0,0,0,0,4:2,0,0,0)(0,0,0,0,0,0,0,0)(4:0,0,0,0,0,0,0,0)(0,0,0,0,0,0,0,0);<0|4p1><0|0><0|0><0|0><4p2|0><0|0><0|0><0|0>;(0,0,2,0,2:2,0,0,0)(0,0,0,0,0,0,0,0)(2:0,0,0,0,0,0,2,0)(0,0,0,0,0,0,0,0);<0|2p1><0|0><2|0><0|0><2p2|0><0|0><0|2><0|0>;(0,0,2,0,2:2,0,0,0)(0,0,0,0,0,0,0,0)(2:0,0,0,0,0,0,2,0)(0,0,0,0,0,0,0,0);<0|2p1><0|0><2|0><0|0><2p2|0><0|0><0|2><0|0>
(0,0,0,0,4:3,0,0,0)(0,0,0,0,0,0,0,0)(0,0,0,0,0,0,0,0)(2:3,0,2:0,0,0,0,0,0);<(0,0)|(0,2)><(0,0)|(0,2xp1)><(4xp2,0)|(0,0)><(0,0)|(0,0)>;(0,0,0,0,2:3,0,0,0)(0,0,0,0,0,0,0,0)(0,0,0,0,0,0,0,0)(2,0,2:0,0,0,0,2,0);<(0,0)|(0,2)><(0,0)|(0,2xp1)><(2xp2,0)|(0,0)><(0,0)|(0,2)>;(0,0,0,0,2:3,0,0,0)(0,0,0,0,0,0,0,0)(0,0,0,0,0,0,0,0)(2,0,2:0,0,0,0,2,0);<(0,0)|(0,2)><(0,0)|(0,2xp1)><(2xp2,0)|(0,0)><(0,0)|(0,2)>
(0,0,0,0,4:3,0,0,0)(0,0,0,0,0,0,0,0)(0,0,0,0,0,0,0,0)(4:0,0,0,0,0,0,0,0);<(0,0)|(0,4xp1)><(0,0)|(0,0)><(4xp2,0)|(0,0)><(0,0)|(0,0)>;(0,0,2,0,2:3,0,0,0)(0,0,0,0,0,0,0,0)(0,0,0,0,0,0,0,0)(2:0,0,0,0,0,0,2,0);<(0,0)|(0,2xp1)><(2,0)|(0,0)><(2xp2,0)|(0,0)><(0,0)|(0,2)>;(0,0,2,0,2:3,0,0,0)(0,0,0,0,0,0,0,0)(0,0,0,0,0,0,0,0)(2:0,0,0,0,0,0,2,0);<(0,0)|(0,2xp1)><(2,0)|(0,0)><(2xp2,0)|(0,0)><(0,0)|(0,2)>
(0,0,0,0,6:3,0,0,0)(0,0,0,0,0,0,0,0)(0,0,0,0,0,0,0,0)(0,0,2:0,0,0,0,0,0);<(0,0)|(0,0)><(0,0)|(0,2xp1)><(6xp2,0)|(0,0)><(0,0)|(0,0)>;(0,0,0,0,2:3,0,0,0)(0,0,0,0,0,0,0,0)(0,0,0,0,0,0,0,0)(0,0,2:0,0,0,0,4,0);<(0,0)|(0,0)><(0,0)|(0,2xp1)><(2xp2,0)|(0,0)><(0,0)|(0,4)>;(0,0,0,0,2:3,0,0,0)(0,0,0,0,0,0,0,0)(0,0,0,0,0,0,0,0)(2,0,2:0,0,0,0,2,0);<(0,0)|(0,2)><(0,0)|(0,2xp1)><(2xp2,0)|(0,0)><(0,0)|(0,2)>
(0,0,0,0,8:0,0,0,0)(0,0,0,0,0,0,0,0)(0,0,0,0,0,0,0,0)(0,0,0,0,0,0,0,0);<0|0><0|0><0|0><0|0><8|0><0|0><0|0><0|0>;(0,0,0,0,3,0,0,5)(0,0,0,0,0,0,0,0)(0,0,0,0,0,0,0,0)(0,0,0,0,0,0,0,0);<(0,0)|(0,0)><(0,0)|(0,0)><(3x,0)|(0,0)><(0,0)!|(0,0)!><(5x,0)!|(0,0)!>;(0,2,0,1,3,0,0,2)(0,0,0,0,0,0,0,0)(0,0,0,0,0,0,0,0)(0,0,0,0,0,0,0,0);<(0,0)!|(0,0)!><(2,0)|(0,0)><(1x,0)!|(0,0)!><(3x,0)|(0,0)><(0,0)!|(0,0)!><(2,0)!|(0,0)!>
(2:3,0,0,0,0,0,0,0)(0,0,0,0,0,0,0,0)(0,0,0,0,0,0,0,0)(0,0,2:3,0,2:3,0,2:0,0);<(2xp2,0)|(0,0)><(0,0)|(0,2)><(0,0)|(0,2)><(0,0)|(0,2xp1)>;(2:3,0,0,0,0,0,0,0)(0,0,0,0,0,0,0,0)(0,0,0,0,0,0,0,0)(0,0,2,0,2,0,2:0,0);<(2xp2,0)|(0,0)><(0,0)|(0,2)><(0,0)|(0,2)><(0,0)|(0,2xp1)>;(2:3,0,0,0,0,0,0,0)(0,0,0,0,0,0,0,0)(0,0,0,0,0,0,0,0)(0,0,2,0,2,0,2:0,0);<(2xp2,0)|(0,0)><(0,0)|(0,2)><(0,0)|(0,2)><(0,0)|(0,2xp1)>
(2:3,0,0,0,0,0,0,0)(0,0,0,0,0,0,0,0)(0,0,0,0,0,0,0,0)(0,0,2:3,0,4:0,0,0,0);<(2xp2,0)|(0,0)><(0,0)|(0,2)><(0,0)|(0,4xp1)><(0,0)|(0,0)>;(2:3,0,0,0,0,0,2,0)(0,0,0,0,0,0,0,0)(0,0,0,0,0,0,0,0)(0,0,2,0,2:0,0,0,0);<(2xp2,0)|(0,0)><(0,0)|(0,2)><(0,0)|(0,2xp1)><(2,0)|(0,0)>;(2:3,0,0,0,0,0,2,0)(0,0,0,0,0,0,0,0)(0,0,0,0,0,0,0,0)(0,0,2,0,2:0,0,0,0);<(2xp2,0)|(0,0)><(0,0)|(0,2)><(0,0)|(0,2xp1)><(2,0)|(0,0)>
(2:3,0,0,0,0,0,0,0)(0,0,0,0,0,0,0,0)(0,0,0,0,0,0,0,0)(0,0,4:3,0,0,0,2:0,0);<(2xp2,0)|(0,0)><(0,0)|(0,4)><(0,0)|(0,0)><(0,0)|(0,2xp1)>;(2:3,0,0,0,0,0,0,0)(0,0,0,0,0,0,0,0)(0,0,0,0,0,0,0,0)(0,0,3,0,0,1,2:0,0);<(2xp2,0)|(0,0)><(0,0)|(0,3x)><(0,0)!|(0,0)!><(0,0)!|(0,1x)!><(0,0)|(0,2xp1)>;(2:3,0,0,0,0,0,0,0)(0,0,0,0,0,0,0,0)(0,0,0,0,0,0,0,0)(0,0,3,0,0,1,2:0,0);<(2xp2,0)|(0,0)><(0,0)|(0,3x)><(0,0)!|(0,0)!><(0,0)!|(0,1x)!><(0,0)|(0,2xp1)>
(2:3,0,0,0,0,0,0,0)(0,0,0,0,0,0,0,0)(0,0,0,0,0,0,0,0)(0,0,6:0,0,0,0,0,0);<(2xp2,0)|(0,0)><(0,0)|(0,6xp1)><(0,0)|(0,0)><(0,0)|(0,0)>;(2:3,0,0,0,4,0,0,0)(0,0,0,0,0,0,0,0)(0,0,0,0,0,0,0,0)(0,0,2:0,0,0,0,0,0);<(2xp2,0)|(0,0)><(0,0)|(0,2xp1)><(4,0)|(0,0)><(0,0)|(0,0)>;(2:3,0,0,0,2,0,2,0)(0,0,0,0,0,0,0,0)(0,0,0,0,0,0,0,0)(0,0,2:0,0,0,0,0,0);<(2xp2,0)|(0,0)><(0,0)|(0,2xp1)><(2,0)|(0,0)><(2,0)|(0,0)>
(2:3,0,0,0,2:3,0,0,0)(0,0,0,0,0,0,0,0)(0,0,0,0,0,0,0,0)(0,0,2:0,0,0,0,2:0,0);<(2xp2,0)|(0,0)><(0,0)|(0,2xp1)><(2xp2,0)|(0,0)><(0,0)|(0,2xp1)>;(2:3,0,0,0,2:3,0,0,0)(0,0,0,0,0,0,0,0)(0,0,0,0,0,0,0,0)(0,0,2:0,0,0,0,2:0,0);<(2xp2,0)|(0,0)><(0,0)|(0,2xp1)><(2xp2,0)|(0,0)><(0,0)|(0,2xp1)>;(2:3,0,0,0,2:3,0,0,0)(0,0,0,0,0,0,0,0)(0,0,0,0,0,0,0,0)(0,0,2:0,0,0,0,2:0,0);<(2xp2,0)|(0,0)><(0,0)|(0,2xp1)><(2xp2,0)|(0,0)><(0,0)|(0,2xp1)>
(2:3,0,0,0,4:0,0,0,0)(0,0,0,0,0,0,0,0)(0,0,0,0,0,0,0,0)(0,0,2:0,0,0,0,0,0);<(2xp2,0)|(0,0)><(0,0)|(0,2xp1)><(4,0)|(0,0)><(0,0)|(0,0)>;(2:3,0,0,0,3,0,0,1)(0,0,0,0,0,0,0,0)(0,0,0,0,0,0,0,0)(0,0,2:0,0,0,0,0,0);<(2xp2,0)|(0,0)><(0,0)|(0,2xp1)><(3x,0)|(0,0)><(0,0)!|(0,0)!><(1x,0)!|(0,0)!>;(2:3,0,0,0,3,0,0,1)(0,0,0,0,0,0,0,0)(0,0,0,0,0,0,0,0)(0,0,2:0,0,0,0,0,0);<(2xp2,0)|(0,0)><(0,0)|(0,2xp1)><(3x,0)|(0,0)><(0,0)!|(0,0)!><(1x,0)!|(0,0)!>
(4:0,0,0,0,2:3,0,0,0)(0,0,0,0,0,0,0,0)(0,0,0,0,0,0,0,0)(0,0,0,0,0,0,2:0,0);<(4,0)|(0,0)><(0,0)|(0,0)><(2xp2,0)|(0,0)><(0,0)|(0,2xp1)>;(3,0,0,1,2:3,0,0,0)(0,0,0,0,0,0,0,0)(0,0,0,0,0,0,0,0)(0,0,0,0,0,0,2:0,0);<(3x,0)|(0,0)><(0,0)!|(0,0)!><(1x,0)!|(0,0)!><(2xp2,0)|(0,0)><(0,0)|(0,2xp1)>;(3,0,0,1,2:3,0,0,0)(0,0,0,0,0,0,0,0)(0,0,0,0,0,0,0,0)(0,0,0,0,0,0,2:0,0);<(3x,0)|(0,0)><(0,0)!|(0,0)!><(1x,0)!|(0,0)!><(2xp2,0)|(0,0)><(0,0)|(0,2xp1)>
(4:0,0,0,0,4:0,0,0,0)(0,0,0,0,0,0,0,0)(0,0,0,0,0,0,0,0)(0,0,0,0,0,0,0,0);<4|0><0|0><0|0><0|0><4|0><0|0><0|0><0|0>;(3,0,0,1,3,0,0,1)(0,0,0,0,0,0,0,0)(0,0,0,0,0,0,0,0)(0,0,0,0,0,0,0,0);<(3x,0)|(0,0)><(0,0)!|(0,0)!><(1x,0)!|(0,0)!><(3x,0)|(0,0)><(0,0)!|(0,0)!><(1x,0)!|(0,0)!>;(3,0,0,1,3,0,0,1)(0,0,0,0,0,0,0,0)(0,0,0,0,0,0,0,0)(0,0,0,0,0,0,0,0);<(3x,0)|(0,0)><(0,0)!|(0,0)!><(1x,0)!|(0,0)!><(3x,0)|(0,0)><(0,0)!|(0,0)!><(1x,0)!|(0,0)!>
(4:3,0,0,0,0,0,0,0)(0,0,0,0,0,0,0,0)(0,0,0,0,0,0,0,0)(0,0,0,0,2:3,0,2:0,0);<(4xp2,0)|(0,0)><(0,0)|(0,0)><(0,0)|(0,2)><(0,0)|(0,2xp1)>;(2:3,0,0,0,0,0,0,0)(0,0,0,0,0,0,0,0)(0,0,0,0,0,0,0,0)(0,0,2,0,2,0,2:0,0);<(2xp2,0)|(0,0)><(0,0)|(0,2)><(0,0)|(0,2)><(0,0)|(0,2xp1)>;(2:3,0,0,0,0,0,0,0)(0,0,0,0,0,0,0,0)(0,0,0,0,0,0,0,0)(0,0,2,0,2,0,2:0,0);<(2xp2,0)|(0,0)><(0,0)|(0,2)><(0,0)|(0,2)><(0,0)|(0,2xp1)>
(4:3,0,0,0,0,0,0,0)(0,0,0,0,0,0,0,0)(0,0,0,0,0,0,0,0)(0,0,0,0,4:0,0,0,0);<(4xp2,0)|(0,0)><(0,0)|(0,0)><(0,0)|(0,4xp1)><(0,0)|(0,0)>;(2:3,0,0,0,0,0,2,0)(0,0,0,0,0,0,0,0)(0,0,0,0,0,0,0,0)(0,0,2,0,2:0,0,0,0);<(2xp2,0)|(0,0)><(0,0)|(0,2)><(0,0)|(0,2xp1)><(2,0)|(0,0)>;(2:3,0,0,0,0,0,2,0)(0,0,0,0,0,0,0,0)(0,0,0,0,0,0,0,0)(0,0,2,0,2:0,0,0,0);<(2xp2,0)|(0,0)><(0,0)|(0,2)><(0,0)|(0,2xp1)><(2,0)|(0,0)>
(6:3,0,0,0,0,0,0,0)(0,0,0,0,0,0,0,0)(0,0,0,0,0,0,0,0)(0,0,0,0,0,0,2:0,0);<(6xp2,0)|(0,0)><(0,0)|(0,0)><(0,0)|(0,0)><(0,0)|(0,2xp1)>;(2:3,0,0,0,0,0,0,0)(0,0,0,0,0,0,0,0)(0,0,0,0,0,0,0,0)(0,0,4,0,0,0,2:0,0);<(2xp2,0)|(0,0)><(0,0)|(0,4)><(0,0)|(0,0)><(0,0)|(0,2xp1)>;(2:3,0,0,0,0,0,0,0)(0,0,0,0,0,0,0,0)(0,0,0,0,0,0,0,0)(0,0,2,0,2,0,2:0,0);<(2xp2,0)|(0,0)><(0,0)|(0,2)><(0,0)|(0,2)><(0,0)|(0,2xp1)>
(8:0,0,0,0,0,0,0,0)(0,0,0,0,0,0,0,0)(0,0,0,0,0,0,0,0)(0,0,0,0,0,0,0,0);<8|0><0|0><0|0><0|0><0|0><0|0><0|0><0|0>;(3,0,0,5,0,0,0,0)(0,0,0,0,0,0,0,0)(0,0,0,0,0,0,0,0)(0,0,0,0,0,0,0,0);<(3x,0)|(0,0)><(0,0)!|(0,0)!><(5x,0)|(0,0)><(0,0)|(0,0)><(0,0)!|(0,0)!>;(3,0,0,2,0,2,0,1)(0,0,0,0,0,0,0,0)(0,0,0,0,0,0,0,0)(0,0,0,0,0,0,0,0);<(3x,0)|(0,0)><(0,0)!|(0,0)!><(2,0)|(0,0)><(2,0)|(0,0)><(1x,0)!|(0,0)!>