(0,0,0,0,0,0,0,0)(0,0,0,0,0,0,0,0)(0,0,0,0,4:3,0,0,0)(c:2,0,0,0,0,0,0,0);<(0,0)|(0,cx)><(0,0)|(0,0)><(0,0)|(4x,0)><(0,0)|(0,0)>;(0,0,0,0,0,0,0,0)(0,0,0,0,0,0,0,0)(0,0,0,0,2:3,0,6,0)(6:2,0,0,0,0,0,2,0);<(0,0)|(0,6x)><(0,0)|(0,0)><(0,0)|(2x,0)><(0,0)|(6,2)>;(0,0,0,0,0,0,0,0)(0,0,0,0,0,0,0,0)(2,0,2,0,2:3,0,2,0)(6:2,0,0,0,0,0,2,0);<(0,0)|(2,6x)><(0,0)|(2,0)><(0,0)|(2x,0)><(0,0)|(2,2)>
(0,0,0,0,0,0,0,0)(0,0,0,0,0,0,0,0)(0,0,0,0,8:2,0,0,0)(8:3,0,0,0,0,0,0,0);<(0,0)|(0,8)><(0,0)|(0,0)><(0,0)|(8,0)><(0,0)|(0,0)>;(0,0,0,0,0,0,0,0)(0,0,0,0,0,0,0,0)(0,0,0,0,3,0,0,5)(3,0,0,5,0,0,0,0);<(0,0)|(0,3x)><(0,0)!|(0,0)!><(0,0)!|(0,5x)!><(0,0)|(3x,0)><(0,0)!|(0,0)!><(0,0)!|(5x,0)!>;(0,0,0,0,0,0,0,0)(0,0,0,0,0,0,0,0)(0,2,0,1,3,0,0,2)(3,0,0,2,0,2,0,1);<(0,0)!|(0,3x)!><(0,0)|(2,0)><(0,0)!|(1x,2)!><(0,0)!|(3x,0)!><(0,0)|(0,2)><(0,0)!|(2,1x)!>
(0,0,0,0,0,0,0,0)(0,0,0,0,0,0,0,0)(0,0,0,0,c:3,0,0,0)(4:2,0,0,0,0,0,0,0);<(0,0)|(0,4x)><(0,0)|(0,0)><(0,0)|(cx,0)><(0,0)|(0,0)>;(0,0,0,0,0,0,0,0)(0,0,0,0,0,0,0,0)(0,0,2,0,6:3,0,0,0)(2:2,0,6,0,0,0,0,0);<(0,0)|(0,2x)><(0,0)|(2,6)><(0,0)|(6x,0)><(0,0)|(0,0)>;(0,0,0,0,0,0,0,0)(0,0,0,0,0,0,0,0)(0,0,2,0,6:3,0,0,0)(2:2,0,2,0,2,0,2,0);<(0,0)|(0,2x)><(0,0)|(2,2)><(0,0)|(6x,2)><(0,0)|(0,2)>
(0,0,0,0,0,0,0,0)(0,0,0,0,0,0,0,0)(4:2,0,0,0,4:2,0,0,0)(8:3,0,0,0,0,0,0,0);<(0,0)|(4,8)><(0,0)|(0,0)><(0,0)|(4,0)><(0,0)|(0,0)>;(0,0,0,0,0,0,0,0)(0,0,0,0,0,0,0,0)(3,0,0,1,3,0,0,1)(3,0,0,5,0,0,0,0);<(0,0)|(3x,3x)><(0,0)!|(0,0)!><(0,0)!|(1x,5x)!><(0,0)|(3x,0)><(0,0)!|(0,0)!><(0,0)!|(1x,0)!>;(0,0,0,0,0,0,0,0)(0,0,0,0,0,0,0,0)(3,0,0,1,3,0,0,1)(3,0,0,2,0,2,0,1);<(0,0)|(3x,3x)><(0,0)!|(0,0)!><(0,0)!|(1x,2)!><(0,0)!|(3x,0)!><(0,0)|(0,2)><(0,0)!|(1x,1x)!>
(0,0,0,0,0,0,0,0)(0,0,0,0,0,0,0,0)(4:2,0,0,0,4:3,0,0,0)(8:2,0,0,0,0,0,0,0);<(0,0)|(4,8x)><(0,0)|(0,0)><(0,0)|(4x,0)><(0,0)|(0,0)>;(0,0,0,0,0,0,0,0)(0,0,0,0,0,0,0,0)(3,0,0,1,2:3,0,2,0)(6:2,0,0,0,0,0,2,0);<(0,0)|(3x,6x)><(0,0)!|(0,0)!><(0,0)!|(1x,0)!><(0,0)|(2x,0)><(0,0)|(2,2)>;(0,0,0,0,0,0,0,0)(0,0,0,0,0,0,0,0)(3,0,0,1,2:3,0,2,0)(6:2,0,0,0,0,0,2,0);<(0,0)|(3x,6x)><(0,0)!|(0,0)!><(0,0)!|(1x,0)!><(0,0)|(2x,0)><(0,0)|(2,2)>
(0,0,0,0,0,0,0,0)(0,0,0,0,0,0,0,0)(4:2,0,0,0,c:2,0,0,0)(0,0,0,0,0,0,0,0);<0|4><0|0><0|0><0|0><0|c><0|0><0|0><0|0>;(0,0,0,0,0,0,0,0)(0,0,0,0,0,0,0,0)(3,0,0,1,a,0,2,0)(0,0,0,0,0,0,0,0);<(0,0)|(3x,0)><(0,0)!|(0,0)!><(0,0)!|(1x,0)!><(0,0)|(a,0)><(0,0)|(2,0)>;(0,0,0,0,0,0,0,0)(0,0,0,0,0,0,0,0)(3,0,0,1,a,0,2,0)(0,0,0,0,0,0,0,0);<(0,0)|(3x,0)><(0,0)!|(0,0)!><(0,0)!|(1x,0)!><(0,0)|(a,0)><(0,0)|(2,0)>
(0,0,0,0,0,0,0,0)(0,0,0,0,0,0,0,0)(8:2,0,0,0,0,0,0,0)(8:3,0,0,0,0,0,0,0);<(0,0)|(8,8)><(0,0)|(0,0)><(0,0)|(0,0)><(0,0)|(0,0)>;(0,0,0,0,0,0,0,0)(0,0,0,0,0,0,0,0)(3,0,0,5,0,0,0,0)(3,0,0,5,0,0,0,0);<(0,0)|(3x,3x)><(0,0)!|(0,0)!><(0,0)|(5x,5x)><(0,0)|(0,0)><(0,0)!|(0,0)!>;(0,0,0,0,0,0,0,0)(0,0,0,0,0,0,0,0)(3,0,0,2,0,2,0,1)(3,0,0,2,0,2,0,1);<(0,0)|(3x,3x)><(0,0)!|(0,0)!><(0,0)|(2,2)><(0,0)|(2,2)><(0,0)!|(1x,1x)!>
(0,0,0,0,0,0,0,0)(0,0,0,0,0,0,0,0)(8:2,0,0,0,4:3,0,0,0)(4:2,0,0,0,0,0,0,0);<(0,0)|(8,4x)><(0,0)|(0,0)><(0,0)|(4x,0)><(0,0)|(0,0)>;(0,0,0,0,0,0,0,0)(0,0,0,0,0,0,0,0)(6,0,2,0,2:3,0,2,0)(2:2,0,0,0,0,0,2,0);<(0,0)|(6,2x)><(0,0)|(2,0)><(0,0)|(2x,0)><(0,0)|(2,2)>;(0,0,0,0,0,0,0,0)(0,0,0,0,0,0,0,0)(6,0,2,0,2:3,0,2,0)(2:2,0,0,0,0,0,2,0);<(0,0)|(6,2x)><(0,0)|(2,0)><(0,0)|(2x,0)><(0,0)|(2,2)>
(0,0,0,0,0,0,0,0)(0,0,0,0,0,0,0,0)(8:2,0,0,0,8:2,0,0,0)(0,0,0,0,0,0,0,0);<0|8><0|0><0|0><0|0><0|8><0|0><0|0><0|0>;(0,0,0,0,0,0,0,0)(0,0,0,0,0,0,0,0)(6,0,2,0,6,0,2,0)(0,0,0,0,0,0,0,0);<0|6><0|0><0|2><0|0><0|6><0|0><0|2><0|0>;(0,0,0,0,0,0,0,0)(0,0,0,0,0,0,0,0)(6,0,2,0,6,0,2,0)(0,0,0,0,0,0,0,0);<0|6><0|0><0|2><0|0><0|6><0|0><0|2><0|0>
(0,0,0,0,0,0,0,0)(0,0,0,0,0,0,0,0)(8:3,0,0,0,0,0,0,0)(8:2,0,0,0,0,0,0,0);<(0,0)|(8x,8x)><(0,0)|(0,0)><(0,0)|(0,0)><(0,0)|(0,0)>;(0,0,0,0,0,0,0,0)(0,0,0,0,0,0,0,0)(2:3,0,6,0,0,0,0,0)(2:2,0,6,0,0,0,0,0);<(0,0)|(2x,2x)><(0,0)|(6,6)><(0,0)|(0,0)><(0,0)|(0,0)>;(0,0,0,0,0,0,0,0)(0,0,0,0,0,0,0,0)(2:3,0,2,0,2,0,2,0)(2:2,0,2,0,2,0,2,0);<(0,0)|(2x,2x)><(0,0)|(2,2)><(0,0)|(2,2)><(0,0)|(2,2)>
(0,0,0,0,0,0,0,0)(0,0,0,0,0,0,0,0)(8:3,0,0,0,4:2,0,0,0)(4:2,0,0,0,0,0,0,0);<(0,0)|(8x,4x)><(0,0)|(0,0)><(0,0)|(4,0)><(0,0)|(0,0)>;(0,0,0,0,0,0,0,0)(0,0,0,0,0,0,0,0)(2:3,0,2,0,3,0,0,1)(2:2,0,6,0,0,0,0,0);<(0,0)|(2x,2x)><(0,0)|(2,6)><(0,0)|(3x,0)><(0,0)!|(0,0)!><(0,0)!|(1x,0)!>;(0,0,0,0,0,0,0,0)(0,0,0,0,0,0,0,0)(2:3,0,2,0,3,0,0,1)(2:2,0,2,0,2,0,2,0);<(0,0)|(2x,2x)><(0,0)|(2,2)><(0,0)|(3x,2)><(0,0)!|(0,2)!><(0,0)!|(1x,0)!>
(0,0,0,0,0,0,0,0)(0,0,0,0,0,0,0,0)(c:2,0,0,0,4:2,0,0,0)(0,0,0,0,0,0,0,0);<0|c><0|0><0|0><0|0><0|4><0|0><0|0><0|0>;(0,0,0,0,0,0,0,0)(0,0,0,0,0,0,0,0)(a,0,2,0,3,0,0,1)(0,0,0,0,0,0,0,0);<(0,0)|(a,0)><(0,0)|(2,0)><(0,0)|(3x,0)><(0,0)!|(0,0)!><(0,0)!|(1x,0)!>;(0,0,0,0,0,0,0,0)(0,0,0,0,0,0,0,0)(a,0,2,0,3,0,0,1)(0,0,0,0,0,0,0,0);<(0,0)|(a,0)><(0,0)|(2,0)><(0,0)|(3x,0)><(0,0)!|(0,0)!><(0,0)!|(1x,0)!>
(0,0,0,0,0,0,0,0)(4:2,0,0,0,0,0,0,0)(0,0,0,0,4:1,0,0,0)(8:3,0,0,0,0,0,0,0);<(0,4xp2)|(0,8)><(0,0)|(0,0)><(0,0)|(4xp1,0)><(0,0)|(0,0)>;(0,0,0,0,0,0,0,0)(2:2,0,0,0,0,0,2,0)(0,0,2,0,2:1,0,0,0)(3,0,0,5,0,0,0,0);<(0,2xp2)|(0,3x)><(0,0)!|(2,0)!><(0,0)!|(0,5x)!><(0,0)|(2xp1,0)><(0,2)|(0,0)>;(0,0,0,0,0,0,0,0)(2:2,0,0,0,0,0,2,0)(0,0,2,0,2:1,0,0,0)(3,0,0,2,0,2,0,1);<(0,2xp2)|(0,3x)><(0,0)!|(2,0)!><(0,0)!|(0,2)!><(0,0)!|(2xp1,0)!><(0,0)!|(0,2)!><(0,2)!|(0,0)!><(0,0)!|(0,1x)!>
(0,0,0,0,0,0,0,0)(4:2,0,0,0,0,0,0,0)(0,0,0,0,4:3,0,0,0)(8:1,0,0,0,0,0,0,0);<(0,4xp2)|(0,8p1)><(0,0)|(0,0)><(0,0)|(4x,0)><(0,0)|(0,0)>;(0,0,0,0,0,0,0,0)(2:2,0,6,0,0,0,0,0)(0,0,2,0,2:3,0,0,0)(2:1,0,0,0,0,0,2,0);<(0,2xp2)|(0,2p1)><(0,6)|(2,0)><(0,0)|(2x,0)><(0,0)|(0,2)>;(0,0,0,0,0,0,0,0)(2:2,0,2,0,2,0,2,0)(0,0,2,0,2:3,0,0,0)(2:1,0,0,0,0,0,2,0);<(0,2xp2)|(0,2p1)><(0,2)|(2,0)><(0,2)|(2x,0)><(0,2)|(0,2)>
(0,0,0,0,0,0,0,0)(4:2,0,0,0,0,0,0,0)(0,0,0,0,c:1,0,0,0)(0,0,0,0,0,0,0,0);<(0,4xp2)|(0,0)><(0,0)|(0,0)><(0,0)|(cxp1,0)><(0,0)|(0,0)>;(0,0,0,0,0,0,0,0)(2:2,0,6,0,0,0,0,0)(0,0,2,0,6:1,0,0,0)(0,0,0,0,0,0,0,0);<(0,2xp2)|(0,0)><(0,6)|(2,0)><(0,0)|(6xp1,0)><(0,0)|(0,0)>;(0,0,0,0,0,0,0,0)(2:2,0,2,0,2,0,2,0)(0,0,2,0,6:1,0,0,0)(0,0,0,0,0,0,0,0);<(0,2xp2)|(0,0)><(0,2)|(2,0)><(0,2)|(6xp1,0)><(0,2)|(0,0)>
(0,0,0,0,0,0,0,0)(4:2,0,0,0,0,0,0,0)(8:1,0,0,0,4:2,0,0,0)(0,0,0,0,0,0,0,0);<(0,4xp2)|(8xp1,0)><(0,0)|(0,0)><(0,0)|(4,0)><(0,0)|(0,0)>;(0,0,0,0,0,0,0,0)(2:2,0,6,0,0,0,0,0)(2:1,0,2,0,3,0,0,1)(0,0,0,0,0,0,0,0);<(0,2xp2)|(2xp1,0)><(0,6)|(2,0)><(0,0)|(3x,0)><(0,0)!|(0,0)!><(0,0)!|(1x,0)!>;(0,0,0,0,0,0,0,0)(2:2,0,2,0,2,0,2,0)(2:1,0,2,0,3,0,0,1)(0,0,0,0,0,0,0,0);<(0,2xp2)|(2xp1,0)><(0,2)|(2,0)><(0,2)|(3x,0)><(0,2)!|(0,0)!><(0,0)!|(1x,0)!>
(0,0,0,0,0,0,0,0)(4:2,0,0,0,0,0,0,0)(8:2,0,0,0,4:1,0,0,0)(0,0,0,0,0,0,0,0);<(0,4xp2)|(8,0)><(0,0)|(0,0)><(0,0)|(4xp1,0)><(0,0)|(0,0)>;(0,0,0,0,0,0,0,0)(2:2,0,0,0,0,0,2,0)(6,0,2,0,2:1,0,2,0)(0,0,0,0,0,0,0,0);<(0,2xp2)|(6,0)><(0,0)|(2,0)><(0,0)|(2xp1,0)><(0,2)|(2,0)>;(0,0,0,0,0,0,0,0)(2:2,0,0,0,0,0,2,0)(6,0,2,0,2:1,0,2,0)(0,0,0,0,0,0,0,0);<(0,2xp2)|(6,0)><(0,0)|(2,0)><(0,0)|(2xp1,0)><(0,2)|(2,0)>
(0,0,0,0,0,0,0,0)(8:1,0,0,0,0,0,0,0)(0,0,0,0,0,0,0,0)(8:3,0,0,0,0,0,0,0);<(0,8)|(0,8)><(0,0)|(0,0)><(0,0)|(0,0)><(0,0)|(0,0)>;(0,0,0,0,0,0,0,0)(3,0,0,5,0,0,0,0)(0,0,0,0,0,0,0,0)(3,0,0,5,0,0,0,0);<(0,3x)|(0,3x)><(0,0)!|(0,0)!><(0,5x)|(0,5x)><(0,0)|(0,0)><(0,0)!|(0,0)!>;(0,0,0,0,0,0,0,0)(3,0,0,2,0,2,0,1)(0,0,0,0,0,0,0,0)(3,0,0,2,0,2,0,1);<(0,3x)|(0,3x)><(0,0)!|(0,0)!><(0,2)|(0,2)><(0,2)|(0,2)><(0,1x)!|(0,1x)!>
(0,0,0,0,0,0,0,0)(8:1,0,0,0,0,0,0,0)(0,0,0,0,4:3,0,0,0)(4:2,0,0,0,0,0,0,0);<(0,8)|(0,4x)><(0,0)|(0,0)><(0,0)|(4x,0)><(0,0)|(0,0)>;(0,0,0,0,0,0,0,0)(3,0,0,5,0,0,0,0)(0,0,2,0,2:3,0,0,0)(2:2,0,0,0,0,0,2,0);<(0,3x)|(0,2x)><(0,0)!|(2,0)!><(0,5x)!|(0,0)!><(0,0)|(2x,0)><(0,0)|(0,2)>;(0,0,0,0,0,0,0,0)(3,0,0,2,0,2,0,1)(0,0,2,0,2:3,0,0,0)(2:2,0,0,0,0,0,2,0);<(0,3x)|(0,2x)><(0,0)!|(2,0)!><(0,2)!|(0,0)!><(0,0)!|(2x,0)!><(0,2)!|(0,0)!><(0,0)!|(0,2)!><(0,1x)!|(0,0)!>
(0,0,0,0,0,0,0,0)(8:1,0,0,0,0,0,0,0)(0,0,0,0,8:2,0,0,0)(0,0,0,0,0,0,0,0);<(0,8)|(0,0)><(0,0)|(0,0)><(0,0)|(8,0)><(0,0)|(0,0)>;(0,0,0,0,0,0,0,0)(3,0,0,5,0,0,0,0)(0,0,0,0,3,0,0,5)(0,0,0,0,0,0,0,0);<(0,3x)|(0,0)><(0,0)!|(0,0)!><(0,5x)!|(0,0)!><(0,0)|(3x,0)><(0,0)!|(0,0)!><(0,0)!|(5x,0)!>;(0,0,0,0,0,0,0,0)(3,0,0,2,0,2,0,1)(0,2,0,1,3,0,0,2)(0,0,0,0,0,0,0,0);<(0,3x)!|(0,0)!><(0,0)|(2,0)><(0,2)!|(1x,0)!><(0,0)!|(3x,0)!><(0,2)|(0,0)><(0,1x)!|(2,0)!>
(0,0,0,0,0,0,0,0)(8:1,0,0,0,0,0,0,0)(4:2,0,0,0,4:2,0,0,0)(0,0,0,0,0,0,0,0);<(0,8)|(4,0)><(0,0)|(0,0)><(0,0)|(4,0)><(0,0)|(0,0)>;(0,0,0,0,0,0,0,0)(3,0,0,5,0,0,0,0)(3,0,0,1,3,0,0,1)(0,0,0,0,0,0,0,0);<(0,3x)|(3x,0)><(0,0)!|(0,0)!><(0,5x)!|(1x,0)!><(0,0)|(3x,0)><(0,0)!|(0,0)!><(0,0)!|(1x,0)!>;(0,0,0,0,0,0,0,0)(3,0,0,2,0,2,0,1)(3,0,0,1,3,0,0,1)(0,0,0,0,0,0,0,0);<(0,3x)|(3x,0)><(0,0)!|(0,0)!><(0,2)!|(1x,0)!><(0,0)!|(3x,0)!><(0,2)|(0,0)><(0,1x)!|(1x,0)!>
(0,0,0,0,0,0,0,0)(8:1,0,0,0,0,0,0,0)(8:2,0,0,0,0,0,0,0)(0,0,0,0,0,0,0,0);<(0,8)|(8,0)><(0,0)|(0,0)><(0,0)|(0,0)><(0,0)|(0,0)>;(0,0,0,0,0,0,0,0)(3,0,0,5,0,0,0,0)(3,0,0,5,0,0,0,0)(0,0,0,0,0,0,0,0);<(0,3x)|(3x,0)><(0,0)!|(0,0)!><(0,5x)|(5x,0)><(0,0)|(0,0)><(0,0)!|(0,0)!>;(0,0,0,0,0,0,0,0)(3,0,0,2,0,2,0,1)(3,0,0,2,0,2,0,1)(0,0,0,0,0,0,0,0);<(0,3x)|(3x,0)><(0,0)!|(0,0)!><(0,2)|(2,0)><(0,2)|(2,0)><(0,1x)!|(1x,0)!>
(0,0,0,0,0,0,0,0)(8:2,0,0,0,0,0,0,0)(4:2,0,0,0,4:1,0,0,0)(0,0,0,0,0,0,0,0);<(0,8xp2)|(4,0)><(0,0)|(0,0)><(0,0)|(4xp1,0)><(0,0)|(0,0)>;(0,0,0,0,0,0,0,0)(6:2,0,0,0,0,0,2,0)(3,0,0,1,2:1,0,2,0)(0,0,0,0,0,0,0,0);<(0,6xp2)|(3x,0)><(0,0)!|(0,0)!><(0,0)!|(1x,0)!><(0,0)|(2xp1,0)><(0,2)|(2,0)>;(0,0,0,0,0,0,0,0)(6:2,0,0,0,0,0,2,0)(3,0,0,1,2:1,0,2,0)(0,0,0,0,0,0,0,0);<(0,6xp2)|(3x,0)><(0,0)!|(0,0)!><(0,0)!|(1x,0)!><(0,0)|(2xp1,0)><(0,2)|(2,0)>
(0,0,0,0,0,0,0,0)(8:2,0,0,0,0,0,0,0)(8:1,0,0,0,0,0,0,0)(0,0,0,0,0,0,0,0);<(0,8xp2)|(8xp1,0)><(0,0)|(0,0)><(0,0)|(0,0)><(0,0)|(0,0)>;(0,0,0,0,0,0,0,0)(2:2,0,6,0,0,0,0,0)(2:1,0,6,0,0,0,0,0)(0,0,0,0,0,0,0,0);<(0,2xp2)|(2xp1,0)><(0,6)|(6,0)><(0,0)|(0,0)><(0,0)|(0,0)>;(0,0,0,0,0,0,0,0)(2:2,0,2,0,2,0,2,0)(2:1,0,2,0,2,0,2,0)(0,0,0,0,0,0,0,0);<(0,2xp2)|(2xp1,0)><(0,2)|(2,0)><(0,2)|(2,0)><(0,2)|(2,0)>
(0,0,0,0,0,0,0,0)(8:3,0,0,0,0,0,0,0)(0,0,0,0,0,0,0,0)(8:1,0,0,0,0,0,0,0);<(0,8p2)|(0,8p1)><(0,0)|(0,0)><(0,0)|(0,0)><(0,0)|(0,0)>;(0,0,0,0,0,0,0,0)(2:3,0,6,0,0,0,0,0)(0,0,0,0,0,0,0,0)(2:1,0,6,0,0,0,0,0);<(0,2p2)|(0,2p1)><(0,6)|(0,6)><(0,0)|(0,0)><(0,0)|(0,0)>;(0,0,0,0,0,0,0,0)(2:3,0,2,0,2,0,2,0)(0,0,0,0,0,0,0,0)(2:1,0,2,0,2,0,2,0);<(0,2p2)|(0,2p1)><(0,2)|(0,2)><(0,2)|(0,2)><(0,2)|(0,2)>
(0,0,0,0,0,0,0,0)(8:3,0,0,0,0,0,0,0)(0,0,0,0,4:1,0,0,0)(4:2,0,0,0,0,0,0,0);<(0,8p2)|(0,4x)><(0,0)|(0,0)><(0,0)|(4xp1,0)><(0,0)|(0,0)>;(0,0,0,0,0,0,0,0)(2:3,0,0,0,0,0,2,0)(0,0,2,0,2:1,0,0,0)(2:2,0,6,0,0,0,0,0);<(0,2p2)|(0,2x)><(0,0)|(2,6)><(0,0)|(2xp1,0)><(0,2)|(0,0)>;(0,0,0,0,0,0,0,0)(2:3,0,0,0,0,0,2,0)(0,0,2,0,2:1,0,0,0)(2:2,0,2,0,2,0,2,0);<(0,2p2)|(0,2x)><(0,0)|(2,2)><(0,0)|(2xp1,2)><(0,2)|(0,2)>
(0,0,0,0,0,0,0,0)(c:2,0,0,0,0,0,0,0)(0,0,0,0,4:1,0,0,0)(0,0,0,0,0,0,0,0);<(0,cxp2)|(0,0)><(0,0)|(0,0)><(0,0)|(4xp1,0)><(0,0)|(0,0)>;(0,0,0,0,0,0,0,0)(6:2,0,0,0,0,0,2,0)(0,0,0,0,2:1,0,6,0)(0,0,0,0,0,0,0,0);<(0,6xp2)|(0,0)><(0,0)|(0,0)><(0,0)|(2xp1,0)><(0,2)|(6,0)>;(0,0,0,0,0,0,0,0)(6:2,0,0,0,0,0,2,0)(2,0,2,0,2:1,0,2,0)(0,0,0,0,0,0,0,0);<(0,6xp2)|(2,0)><(0,0)|(2,0)><(0,0)|(2xp1,0)><(0,2)|(2,0)>
(0,0,0,0,4:1,0,0,0)(4:0,0,0,0,0,0,0,0)(0,0,0,0,0,0,0,0)(8:3,0,0,0,0,0,0,0);<(0,4x)|(0,8)><(0,0)|(0,0)><(4x,0)|(0,0)><(0,0)|(0,0)>;(0,0,2,0,2:1,0,0,0)(2:0,0,0,0,0,0,2,0)(0,0,0,0,0,0,0,0)(3,0,0,5,0,0,0,0);<(0,2x)|(0,3x)><(2,0)!|(0,0)!><(0,0)!|(0,5x)!><(2x,0)|(0,0)><(0,2)|(0,0)>;(0,0,2,0,2:1,0,0,0)(2:0,0,0,0,0,0,2,0)(0,0,0,0,0,0,0,0)(3,0,0,2,0,2,0,1);<(0,2x)|(0,3x)><(2,0)!|(0,0)!><(0,0)!|(0,2)!><(2x,0)!|(0,0)!><(0,0)!|(0,2)!><(0,2)!|(0,0)!><(0,0)!|(0,1x)!>
(0,0,0,0,4:1,0,0,0)(4:0,0,0,0,0,0,0,0)(0,0,0,0,4:3,0,0,0)(4:2,0,0,0,0,0,0,0);<(0,4x)|(0,4x)><(0,0)|(0,0)><(4x,0)|(4x,0)><(0,0)|(0,0)>;(0,0,2,0,2:1,0,0,0)(2:0,0,0,0,0,0,2,0)(0,0,2,0,2:3,0,0,0)(2:2,0,0,0,0,0,2,0);<(0,2x)|(0,2x)><(2,0)|(2,0)><(2x,0)|(2x,0)><(0,2)|(0,2)>;(0,0,2,0,2:1,0,0,0)(2:0,0,0,0,0,0,2,0)(0,0,2,0,2:3,0,0,0)(2:2,0,0,0,0,0,2,0);<(0,2x)|(0,2x)><(2,0)|(2,0)><(2x,0)|(2x,0)><(0,2)|(0,2)>
(0,0,0,0,4:1,0,0,0)(4:0,0,0,0,0,0,0,0)(0,0,0,0,8:2,0,0,0)(0,0,0,0,0,0,0,0);<(0,4x)|(0,0)><(0,0)|(0,0)><(4x,0)|(8,0)><(0,0)|(0,0)>;(0,0,2,0,2:1,0,0,0)(2:0,0,0,0,0,0,2,0)(0,0,0,0,3,0,0,5)(0,0,0,0,0,0,0,0);<(0,2x)|(0,0)><(2,0)|(0,0)><(2x,0)|(3x,0)><(0,2)!|(0,0)!><(0,0)!|(5x,0)!>;(0,0,2,0,2:1,0,0,0)(2:0,0,0,0,0,0,2,0)(0,2,0,1,3,0,0,2)(0,0,0,0,0,0,0,0);<(0,2x)!|(0,0)!><(0,0)!|(2,0)!><(2,0)!|(0,0)!><(0,0)!|(1x,0)!><(2x,0)|(3x,0)><(0,2)!|(0,0)!><(0,0)!|(2,0)!>
(0,0,0,0,4:1,0,0,0)(4:0,0,0,0,0,0,0,0)(4:2,0,0,0,4:2,0,0,0)(0,0,0,0,0,0,0,0);<(0,4x)|(4,0)><(0,0)|(0,0)><(4x,0)|(4,0)><(0,0)|(0,0)>;(0,0,2,0,2:1,0,0,0)(2:0,0,0,0,0,0,2,0)(3,0,0,1,3,0,0,1)(0,0,0,0,0,0,0,0);<(0,2x)|(3x,0)><(2,0)!|(0,0)!><(0,0)!|(1x,0)!><(2x,0)|(3x,0)><(0,2)!|(0,0)!><(0,0)!|(1x,0)!>;(0,0,2,0,2:1,0,0,0)(2:0,0,0,0,0,0,2,0)(3,0,0,1,3,0,0,1)(0,0,0,0,0,0,0,0);<(0,2x)|(3x,0)><(2,0)!|(0,0)!><(0,0)!|(1x,0)!><(2x,0)|(3x,0)><(0,2)!|(0,0)!><(0,0)!|(1x,0)!>
(0,0,0,0,4:1,0,0,0)(4:0,0,0,0,0,0,0,0)(8:2,0,0,0,0,0,0,0)(0,0,0,0,0,0,0,0);<(0,4x)|(8,0)><(0,0)|(0,0)><(4x,0)|(0,0)><(0,0)|(0,0)>;(0,0,2,0,2:1,0,0,0)(2:0,0,0,0,0,0,2,0)(3,0,0,5,0,0,0,0)(0,0,0,0,0,0,0,0);<(0,2x)|(3x,0)><(2,0)!|(0,0)!><(0,0)!|(5x,0)!><(2x,0)|(0,0)><(0,2)|(0,0)>;(0,0,2,0,2:1,0,0,0)(2:0,0,0,0,0,0,2,0)(3,0,0,2,0,2,0,1)(0,0,0,0,0,0,0,0);<(0,2x)|(3x,0)><(2,0)!|(0,0)!><(0,0)!|(2,0)!><(2x,0)!|(0,0)!><(0,0)!|(2,0)!><(0,2)!|(0,0)!><(0,0)!|(1x,0)!>
(0,0,0,0,4:1,0,0,0)(4:2,0,0,0,0,0,0,0)(0,0,0,0,4:3,0,0,0)(4:0,0,0,0,0,0,0,0);<(0,4xp2)|(0,4xp1)><(0,0)|(0,0)><(4x,0)|(4x,0)><(0,0)|(0,0)>;(0,0,2,0,2:1,0,0,0)(2:2,0,0,0,0,0,2,0)(0,0,2,0,2:3,0,0,0)(2:0,0,0,0,0,0,2,0);<(0,2xp2)|(0,2xp1)><(2,0)|(2,0)><(2x,0)|(2x,0)><(0,2)|(0,2)>;(0,0,2,0,2:1,0,0,0)(2:2,0,0,0,0,0,2,0)(0,0,2,0,2:3,0,0,0)(2:0,0,0,0,0,0,2,0);<(0,2xp2)|(0,2xp1)><(2,0)|(2,0)><(2x,0)|(2x,0)><(0,2)|(0,2)>
(0,0,0,0,4:1,0,0,0)(4:2,0,0,0,0,0,0,0)(0,0,0,0,8:0,0,0,0)(0,0,0,0,0,0,0,0);<(0,4xp2)|(0,0)><(0,0)|(0,0)><(4x,0)|(8p1,0)><(0,0)|(0,0)>;(0,0,0,0,2:1,0,6,0)(2:2,0,0,0,0,0,2,0)(0,0,2,0,2:0,0,0,0)(0,0,0,0,0,0,0,0);<(0,2xp2)|(0,0)><(0,0)|(2,0)><(2x,0)|(2p1,0)><(6,2)|(0,0)>;(2,0,2,0,2:1,0,2,0)(2:2,0,0,0,0,0,2,0)(0,0,2,0,2:0,0,0,0)(0,0,0,0,0,0,0,0);<(2,2xp2)|(0,0)><(2,0)|(2,0)><(2x,0)|(2p1,0)><(2,2)|(0,0)>
(0,0,0,0,4:1,0,0,0)(4:2,0,0,0,0,0,0,0)(4:0,0,0,0,4:2,0,0,0)(0,0,0,0,0,0,0,0);<(0,4xp2)|(4p1,0)><(0,0)|(0,0)><(4x,0)|(4,0)><(0,0)|(0,0)>;(0,0,2,0,2:1,0,0,0)(2:2,0,0,0,0,0,2,0)(2:0,0,2,0,3,0,0,1)(0,0,0,0,0,0,0,0);<(0,2xp2)|(2p1,0)><(2,0)|(2,0)><(2x,0)|(3x,0)><(0,2)!|(0,0)!><(0,0)!|(1x,0)!>;(0,0,2,0,2:1,0,0,0)(2:2,0,0,0,0,0,2,0)(2:0,0,2,0,3,0,0,1)(0,0,0,0,0,0,0,0);<(0,2xp2)|(2p1,0)><(2,0)|(2,0)><(2x,0)|(3x,0)><(0,2)!|(0,0)!><(0,0)!|(1x,0)!>
(0,0,0,0,4:1,0,0,0)(8:2,0,0,0,0,0,0,0)(4:0,0,0,0,0,0,0,0)(0,0,0,0,0,0,0,0);<(0,8xp2)|(4p1,0)><(0,0)|(0,0)><(4x,0)|(0,0)><(0,0)|(0,0)>;(0,0,2,0,2:1,0,0,0)(2:2,0,0,0,0,0,2,0)(2:0,0,6,0,0,0,0,0)(0,0,0,0,0,0,0,0);<(0,2xp2)|(2p1,0)><(2,0)|(6,0)><(2x,0)|(0,0)><(0,2)|(0,0)>;(0,0,2,0,2:1,0,0,0)(2:2,0,0,0,0,0,2,0)(2:0,0,2,0,2,0,2,0)(0,0,0,0,0,0,0,0);<(0,2xp2)|(2p1,0)><(2,0)|(2,0)><(2x,0)|(2,0)><(0,2)|(2,0)>
(0,0,0,0,4:1,0,0,0)(8:3,0,0,0,0,0,0,0)(0,0,0,0,0,0,0,0)(4:0,0,0,0,0,0,0,0);<(0,8p2)|(0,4xp1)><(0,0)|(0,0)><(4x,0)|(0,0)><(0,0)|(0,0)>;(0,0,2,0,2:1,0,0,0)(2:3,0,0,0,0,0,2,0)(0,0,0,0,0,0,0,0)(2:0,0,6,0,0,0,0,0);<(0,2p2)|(0,2xp1)><(2,0)|(0,6)><(2x,0)|(0,0)><(0,2)|(0,0)>;(0,0,2,0,2:1,0,0,0)(2:3,0,0,0,0,0,2,0)(0,0,0,0,0,0,0,0)(2:0,0,2,0,2,0,2,0);<(0,2p2)|(0,2xp1)><(2,0)|(0,2)><(2x,0)|(0,2)><(0,2)|(0,2)>
(0,0,0,0,4:1,0,0,0)(c:0,0,0,0,0,0,0,0)(0,0,0,0,0,0,0,0)(0,0,0,0,0,0,0,0);<(0,cx)|(0,0)><(0,0)|(0,0)><(4x,0)|(0,0)><(0,0)|(0,0)>;(0,0,0,0,2:1,0,6,0)(6:0,0,0,0,0,0,2,0)(0,0,0,0,0,0,0,0)(0,0,0,0,0,0,0,0);<(0,6x)|(0,0)><(0,0)|(0,0)><(2x,0)|(0,0)><(6,2)|(0,0)>;(2,0,2,0,2:1,0,2,0)(6:0,0,0,0,0,0,2,0)(0,0,0,0,0,0,0,0)(0,0,0,0,0,0,0,0);<(2,6x)|(0,0)><(2,0)|(0,0)><(2x,0)|(0,0)><(2,2)|(0,0)>
(0,0,0,0,4:2,0,0,0)(0,0,0,0,0,0,0,0)(4:0,0,0,0,0,0,0,0)(8:3,0,0,0,0,0,0,0);<(0,0)|(4p1,8)><(0,0)|(0,0)><(4p2,0)|(0,0)><(0,0)|(0,0)>;(0,0,2,0,2:2,0,0,0)(0,0,0,0,0,0,0,0)(2:0,0,0,0,0,0,2,0)(3,0,0,5,0,0,0,0);<(0,0)|(2p1,3x)><(2,0)!|(0,0)!><(0,0)!|(0,5x)!><(2p2,0)|(0,0)><(0,0)|(2,0)>;(0,0,2,0,2:2,0,0,0)(0,0,0,0,0,0,0,0)(2:0,0,0,0,0,0,2,0)(3,0,0,2,0,2,0,1);<(0,0)|(2p1,3x)><(2,0)!|(0,0)!><(0,0)!|(0,2)!><(2p2,0)!|(0,0)!><(0,0)!|(0,2)!><(0,0)!|(2,0)!><(0,0)!|(0,1x)!>
(0,0,0,0,4:2,0,0,0)(0,0,0,0,0,0,0,0)(4:0,0,0,0,4:3,0,0,0)(4:2,0,0,0,0,0,0,0);<(0,0)|(4p1,4x)><(0,0)|(0,0)><(4p2,0)|(4x,0)><(0,0)|(0,0)>;(0,0,2,0,2:2,0,0,0)(0,0,0,0,0,0,0,0)(2:0,0,2,0,2:3,0,2,0)(2:2,0,0,0,0,0,2,0);<(0,0)|(2p1,2x)><(2,0)|(2,0)><(2p2,0)|(2x,0)><(0,0)|(2,2)>;(0,0,2,0,2:2,0,0,0)(0,0,0,0,0,0,0,0)(2:0,0,2,0,2:3,0,2,0)(2:2,0,0,0,0,0,2,0);<(0,0)|(2p1,2x)><(2,0)|(2,0)><(2p2,0)|(2x,0)><(0,0)|(2,2)>
(0,0,0,0,4:2,0,0,0)(0,0,0,0,0,0,0,0)(4:0,0,0,0,8:2,0,0,0)(0,0,0,0,0,0,0,0);<0|4p1><0|0><0|0><0|0><4p2|8><0|0><0|0><0|0>;(0,0,2,0,2:2,0,0,0)(0,0,0,0,0,0,0,0)(2:0,0,2,0,6,0,2,0)(0,0,0,0,0,0,0,0);<0|2p1><0|0><2|2><0|0><2p2|6><0|0><0|2><0|0>;(0,0,2,0,2:2,0,0,0)(0,0,0,0,0,0,0,0)(2:0,0,2,0,6,0,2,0)(0,0,0,0,0,0,0,0);<0|2p1><0|0><2|2><0|0><2p2|6><0|0><0|2><0|0>
(0,0,0,0,4:2,0,0,0)(0,0,0,0,0,0,0,0)(4:2,0,0,0,4:3,0,0,0)(4:0,0,0,0,0,0,0,0);<(0,0)|(4,4xp1)><(0,0)|(0,0)><(4p2,0)|(4x,0)><(0,0)|(0,0)>;(0,0,2,0,2:2,0,0,0)(0,0,0,0,0,0,0,0)(3,0,0,1,2:3,0,2,0)(2:0,0,0,0,0,0,2,0);<(0,0)|(3x,2xp1)><(2,0)!|(0,0)!><(0,0)!|(1x,0)!><(2p2,0)|(2x,0)><(0,0)|(2,2)>;(0,0,2,0,2:2,0,0,0)(0,0,0,0,0,0,0,0)(3,0,0,1,2:3,0,2,0)(2:0,0,0,0,0,0,2,0);<(0,0)|(3x,2xp1)><(2,0)!|(0,0)!><(0,0)!|(1x,0)!><(2p2,0)|(2x,0)><(0,0)|(2,2)>
(0,0,0,0,4:2,0,0,0)(0,0,0,0,0,0,0,0)(4:2,0,0,0,8:0,0,0,0)(0,0,0,0,0,0,0,0);<0|4><0|0><0|0><0|0><4p2|8p1><0|0><0|0><0|0>;(0,0,0,0,2:2,0,6,0)(0,0,0,0,0,0,0,0)(3,0,0,1,2:0,0,2,0)(0,0,0,0,0,0,0,0);<(0,0)|(3x,0)><(0,0)!|(0,0)!><(0,0)!|(1x,0)!><(2p2,0)|(2p1,0)><(6,0)|(2,0)>;(2,0,2,0,2:2,0,2,0)(0,0,0,0,0,0,0,0)(3,0,0,1,2:0,0,2,0)(0,0,0,0,0,0,0,0);<(2,0)|(3x,0)><(2,0)!|(0,0)!><(0,0)!|(1x,0)!><(2p2,0)|(2p1,0)><(2,0)|(2,0)>
(0,0,0,0,4:2,0,0,0)(0,0,0,0,0,0,0,0)(8:3,0,0,0,0,0,0,0)(4:0,0,0,0,0,0,0,0);<(0,0)|(8x,4xp1)><(0,0)|(0,0)><(4p2,0)|(0,0)><(0,0)|(0,0)>;(0,0,2,0,2:2,0,0,0)(0,0,0,0,0,0,0,0)(2:3,0,0,0,0,0,2,0)(2:0,0,6,0,0,0,0,0);<(0,0)|(2x,2xp1)><(2,0)|(0,6)><(2p2,0)|(0,0)><(0,0)|(2,0)>;(0,0,2,0,2:2,0,0,0)(0,0,0,0,0,0,0,0)(2:3,0,0,0,0,0,2,0)(2:0,0,2,0,2,0,2,0);<(0,0)|(2x,2xp1)><(2,0)|(0,2)><(2p2,0)|(0,2)><(0,0)|(2,2)>
(0,0,0,0,4:2,0,0,0)(0,0,0,0,0,0,0,0)(c:0,0,0,0,0,0,0,0)(0,0,0,0,0,0,0,0);<0|cp1><0|0><0|0><0|0><4p2|0><0|0><0|0><0|0>;(0,0,0,0,2:2,0,6,0)(0,0,0,0,0,0,0,0)(6:0,0,0,0,0,0,2,0)(0,0,0,0,0,0,0,0);<0|6p1><0|0><0|0><0|0><2p2|0><0|0><6|2><0|0>;(2,0,2,0,2:2,0,2,0)(0,0,0,0,0,0,0,0)(6:0,0,0,0,0,0,2,0)(0,0,0,0,0,0,0,0);<2|6p1><0|0><2|0><0|0><2p2|0><0|0><2|2><0|0>
(0,0,0,0,4:2,0,0,0)(4:0,0,0,0,0,0,0,0)(4:2,0,0,0,4:1,0,0,0)(0,0,0,0,0,0,0,0);<(0,4x)|(4,0)><(0,0)|(0,0)><(4p2,0)|(4xp1,0)><(0,0)|(0,0)>;(0,0,2,0,2:2,0,0,0)(2:0,0,0,0,0,0,2,0)(3,0,0,1,2:1,0,2,0)(0,0,0,0,0,0,0,0);<(0,2x)|(3x,0)><(2,0)!|(0,0)!><(0,0)!|(1x,0)!><(2p2,0)|(2xp1,0)><(0,2)|(2,0)>;(0,0,2,0,2:2,0,0,0)(2:0,0,0,0,0,0,2,0)(3,0,0,1,2:1,0,2,0)(0,0,0,0,0,0,0,0);<(0,2x)|(3x,0)><(2,0)!|(0,0)!><(0,0)!|(1x,0)!><(2p2,0)|(2xp1,0)><(0,2)|(2,0)>
(0,0,0,0,4:2,0,0,0)(4:0,0,0,0,0,0,0,0)(8:1,0,0,0,0,0,0,0)(0,0,0,0,0,0,0,0);<(0,4x)|(8xp1,0)><(0,0)|(0,0)><(4p2,0)|(0,0)><(0,0)|(0,0)>;(0,0,2,0,2:2,0,0,0)(2:0,0,6,0,0,0,0,0)(2:1,0,0,0,0,0,2,0)(0,0,0,0,0,0,0,0);<(0,2x)|(2xp1,0)><(2,6)|(0,0)><(2p2,0)|(0,0)><(0,0)|(2,0)>;(0,0,2,0,2:2,0,0,0)(2:0,0,2,0,2,0,2,0)(2:1,0,0,0,0,0,2,0)(0,0,0,0,0,0,0,0);<(0,2x)|(2xp1,0)><(2,2)|(0,0)><(2p2,2)|(0,0)><(0,2)|(2,0)>
(0,0,0,0,4:2,0,0,0)(4:2,0,0,0,0,0,0,0)(4:0,0,0,0,4:1,0,0,0)(0,0,0,0,0,0,0,0);<(0,4xp2)|(4p1,0)><(0,0)|(0,0)><(4p2,0)|(4xp1,0)><(0,0)|(0,0)>;(0,0,2,0,2:2,0,0,0)(2:2,0,0,0,0,0,2,0)(2:0,0,2,0,2:1,0,2,0)(0,0,0,0,0,0,0,0);<(0,2xp2)|(2p1,0)><(2,0)|(2,0)><(2p2,0)|(2xp1,0)><(0,2)|(2,0)>;(0,0,2,0,2:2,0,0,0)(2:2,0,0,0,0,0,2,0)(2:0,0,2,0,2:1,0,2,0)(0,0,0,0,0,0,0,0);<(0,2xp2)|(2p1,0)><(2,0)|(2,0)><(2p2,0)|(2xp1,0)><(0,2)|(2,0)>
(0,0,0,0,4:2,0,0,0)(8:1,0,0,0,0,0,0,0)(4:0,0,0,0,0,0,0,0)(0,0,0,0,0,0,0,0);<(0,8)|(4p1,0)><(0,0)|(0,0)><(4p2,0)|(0,0)><(0,0)|(0,0)>;(0,0,2,0,2:2,0,0,0)(3,0,0,5,0,0,0,0)(2:0,0,0,0,0,0,2,0)(0,0,0,0,0,0,0,0);<(0,3x)|(2p1,0)><(2,0)!|(0,0)!><(0,5x)!|(0,0)!><(2p2,0)|(0,0)><(0,0)|(2,0)>;(0,0,2,0,2:2,0,0,0)(3,0,0,2,0,2,0,1)(2:0,0,0,0,0,0,2,0)(0,0,0,0,0,0,0,0);<(0,3x)|(2p1,0)><(2,0)!|(0,0)!><(0,2)!|(0,0)!><(2p2,0)!|(0,0)!><(0,2)!|(0,0)!><(0,0)!|(2,0)!><(0,1x)!|(0,0)!>
(0,0,0,0,4:3,0,0,0)(0,0,0,0,0,0,0,0)(0,0,0,0,0,0,0,0)(c:0,0,0,0,0,0,0,0);<(0,0)|(0,cxp1)><(0,0)|(0,0)><(4xp2,0)|(0,0)><(0,0)|(0,0)>;(0,0,0,0,2:3,0,6,0)(0,0,0,0,0,0,0,0)(0,0,0,0,0,0,0,0)(6:0,0,0,0,0,0,2,0);<(0,0)|(0,6xp1)><(0,0)|(0,0)><(2xp2,0)|(0,0)><(6,0)|(0,2)>;(2,0,2,0,2:3,0,2,0)(0,0,0,0,0,0,0,0)(0,0,0,0,0,0,0,0)(6:0,0,0,0,0,0,2,0);<(2,0)|(0,6xp1)><(2,0)|(0,0)><(2xp2,0)|(0,0)><(2,0)|(0,2)>
(0,0,0,0,4:3,0,0,0)(0,0,0,0,0,0,0,0)(0,0,0,0,8:0,0,0,0)(4:2,0,0,0,0,0,0,0);<(0,0)|(0,4x)><(0,0)|(0,0)><(4xp2,0)|(8p1,0)><(0,0)|(0,0)>;(0,0,0,0,2:3,0,6,0)(0,0,0,0,0,0,0,0)(0,0,2,0,2:0,0,0,0)(2:2,0,0,0,0,0,2,0);<(0,0)|(0,2x)><(0,0)|(2,0)><(2xp2,0)|(2p1,0)><(6,0)|(0,2)>;(2,0,2,0,2:3,0,2,0)(0,0,0,0,0,0,0,0)(0,0,2,0,2:0,0,0,0)(2:2,0,0,0,0,0,2,0);<(2,0)|(0,2x)><(2,0)|(2,0)><(2xp2,0)|(2p1,0)><(2,0)|(0,2)>
(0,0,0,0,4:3,0,0,0)(0,0,0,0,0,0,0,0)(0,0,0,0,8:2,0,0,0)(4:0,0,0,0,0,0,0,0);<(0,0)|(0,4xp1)><(0,0)|(0,0)><(4xp2,0)|(8,0)><(0,0)|(0,0)>;(0,0,2,0,2:3,0,0,0)(0,0,0,0,0,0,0,0)(0,0,0,0,3,0,0,5)(2:0,0,0,0,0,0,2,0);<(0,0)|(0,2xp1)><(2,0)|(0,0)><(2xp2,0)|(3x,0)><(0,0)!|(0,2)!><(0,0)!|(5x,0)!>;(0,0,2,0,2:3,0,0,0)(0,0,0,0,0,0,0,0)(0,2,0,1,3,0,0,2)(2:0,0,0,0,0,0,2,0);<(0,0)!|(0,2xp1)!><(0,0)!|(2,0)!><(2,0)!|(0,0)!><(0,0)!|(1x,0)!><(2xp2,0)|(3x,0)><(0,0)!|(0,2)!><(0,0)!|(2,0)!>
(0,0,0,0,4:3,0,0,0)(0,0,0,0,0,0,0,0)(4:0,0,0,0,0,0,0,0)(8:2,0,0,0,0,0,0,0);<(0,0)|(4p1,8x)><(0,0)|(0,0)><(4xp2,0)|(0,0)><(0,0)|(0,0)>;(0,0,2,0,2:3,0,0,0)(0,0,0,0,0,0,0,0)(2:0,0,6,0,0,0,0,0)(2:2,0,0,0,0,0,2,0);<(0,0)|(2p1,2x)><(2,0)|(6,0)><(2xp2,0)|(0,0)><(0,0)|(0,2)>;(0,0,2,0,2:3,0,0,0)(0,0,0,0,0,0,0,0)(2:0,0,2,0,2,0,2,0)(2:2,0,0,0,0,0,2,0);<(0,0)|(2p1,2x)><(2,0)|(2,0)><(2xp2,0)|(2,0)><(0,0)|(2,2)>
(0,0,0,0,4:3,0,0,0)(0,0,0,0,0,0,0,0)(4:0,0,0,0,4:2,0,0,0)(4:2,0,0,0,0,0,0,0);<(0,0)|(4p1,4x)><(0,0)|(0,0)><(4xp2,0)|(4,0)><(0,0)|(0,0)>;(0,0,2,0,2:3,0,0,0)(0,0,0,0,0,0,0,0)(2:0,0,2,0,3,0,0,1)(2:2,0,0,0,0,0,2,0);<(0,0)|(2p1,2x)><(2,0)|(2,0)><(2xp2,0)|(3x,0)><(0,0)!|(0,2)!><(0,0)!|(1x,0)!>;(0,0,2,0,2:3,0,0,0)(0,0,0,0,0,0,0,0)(2:0,0,2,0,3,0,0,1)(2:2,0,0,0,0,0,2,0);<(0,0)|(2p1,2x)><(2,0)|(2,0)><(2xp2,0)|(3x,0)><(0,0)!|(0,2)!><(0,0)!|(1x,0)!>
(0,0,0,0,4:3,0,0,0)(0,0,0,0,0,0,0,0)(4:2,0,0,0,4:2,0,0,0)(4:0,0,0,0,0,0,0,0);<(0,0)|(4,4xp1)><(0,0)|(0,0)><(4xp2,0)|(4,0)><(0,0)|(0,0)>;(0,0,2,0,2:3,0,0,0)(0,0,0,0,0,0,0,0)(3,0,0,1,3,0,0,1)(2:0,0,0,0,0,0,2,0);<(0,0)|(3x,2xp1)><(2,0)!|(0,0)!><(0,0)!|(1x,0)!><(2xp2,0)|(3x,0)><(0,0)!|(0,2)!><(0,0)!|(1x,0)!>;(0,0,2,0,2:3,0,0,0)(0,0,0,0,0,0,0,0)(3,0,0,1,3,0,0,1)(2:0,0,0,0,0,0,2,0);<(0,0)|(3x,2xp1)><(2,0)!|(0,0)!><(0,0)!|(1x,0)!><(2xp2,0)|(3x,0)><(0,0)!|(0,2)!><(0,0)!|(1x,0)!>
(0,0,0,0,4:3,0,0,0)(0,0,0,0,0,0,0,0)(8:2,0,0,0,0,0,0,0)(4:0,0,0,0,0,0,0,0);<(0,0)|(8,4xp1)><(0,0)|(0,0)><(4xp2,0)|(0,0)><(0,0)|(0,0)>;(0,0,2,0,2:3,0,0,0)(0,0,0,0,0,0,0,0)(3,0,0,5,0,0,0,0)(2:0,0,0,0,0,0,2,0);<(0,0)|(3x,2xp1)><(2,0)!|(0,0)!><(0,0)!|(5x,0)!><(2xp2,0)|(0,0)><(0,0)|(0,2)>;(0,0,2,0,2:3,0,0,0)(0,0,0,0,0,0,0,0)(3,0,0,2,0,2,0,1)(2:0,0,0,0,0,0,2,0);<(0,0)|(3x,2xp1)><(2,0)!|(0,0)!><(0,0)!|(2,0)!><(2xp2,0)!|(0,0)!><(0,0)!|(2,0)!><(0,0)!|(0,2)!><(0,0)!|(1x,0)!>
(0,0,0,0,4:3,0,0,0)(4:0,0,0,0,0,0,0,0)(0,0,0,0,0,0,0,0)(8:1,0,0,0,0,0,0,0);<(0,4x)|(0,8p1)><(0,0)|(0,0)><(4xp2,0)|(0,0)><(0,0)|(0,0)>;(0,0,2,0,2:3,0,0,0)(2:0,0,6,0,0,0,0,0)(0,0,0,0,0,0,0,0)(2:1,0,0,0,0,0,2,0);<(0,2x)|(0,2p1)><(2,6)|(0,0)><(2xp2,0)|(0,0)><(0,0)|(0,2)>;(0,0,2,0,2:3,0,0,0)(2:0,0,2,0,2,0,2,0)(0,0,0,0,0,0,0,0)(2:1,0,0,0,0,0,2,0);<(0,2x)|(0,2p1)><(2,2)|(0,0)><(2xp2,2)|(0,0)><(0,2)|(0,2)>
(0,0,0,0,4:3,0,0,0)(4:0,0,0,0,0,0,0,0)(0,0,0,0,4:1,0,0,0)(4:2,0,0,0,0,0,0,0);<(0,4x)|(0,4x)><(0,0)|(0,0)><(4xp2,0)|(4xp1,0)><(0,0)|(0,0)>;(0,0,2,0,2:3,0,0,0)(2:0,0,0,0,0,0,2,0)(0,0,2,0,2:1,0,0,0)(2:2,0,0,0,0,0,2,0);<(0,2x)|(0,2x)><(2,0)|(2,0)><(2xp2,0)|(2xp1,0)><(0,2)|(0,2)>;(0,0,2,0,2:3,0,0,0)(2:0,0,0,0,0,0,2,0)(0,0,2,0,2:1,0,0,0)(2:2,0,0,0,0,0,2,0);<(0,2x)|(0,2x)><(2,0)|(2,0)><(2xp2,0)|(2xp1,0)><(0,2)|(0,2)>
(0,0,0,0,4:3,0,0,0)(4:2,0,0,0,0,0,0,0)(0,0,0,0,4:1,0,0,0)(4:0,0,0,0,0,0,0,0);<(0,4xp2)|(0,4xp1)><(0,0)|(0,0)><(4xp2,0)|(4xp1,0)><(0,0)|(0,0)>;(0,0,2,0,2:3,0,0,0)(2:2,0,0,0,0,0,2,0)(0,0,2,0,2:1,0,0,0)(2:0,0,0,0,0,0,2,0);<(0,2xp2)|(0,2xp1)><(2,0)|(2,0)><(2xp2,0)|(2xp1,0)><(0,2)|(0,2)>;(0,0,2,0,2:3,0,0,0)(2:2,0,0,0,0,0,2,0)(0,0,2,0,2:1,0,0,0)(2:0,0,0,0,0,0,2,0);<(0,2xp2)|(0,2xp1)><(2,0)|(2,0)><(2xp2,0)|(2xp1,0)><(0,2)|(0,2)>
(0,0,0,0,4:3,0,0,0)(8:1,0,0,0,0,0,0,0)(0,0,0,0,0,0,0,0)(4:0,0,0,0,0,0,0,0);<(0,8)|(0,4xp1)><(0,0)|(0,0)><(4xp2,0)|(0,0)><(0,0)|(0,0)>;(0,0,2,0,2:3,0,0,0)(3,0,0,5,0,0,0,0)(0,0,0,0,0,0,0,0)(2:0,0,0,0,0,0,2,0);<(0,3x)|(0,2xp1)><(2,0)!|(0,0)!><(0,5x)!|(0,0)!><(2xp2,0)|(0,0)><(0,0)|(0,2)>;(0,0,2,0,2:3,0,0,0)(3,0,0,2,0,2,0,1)(0,0,0,0,0,0,0,0)(2:0,0,0,0,0,0,2,0);<(0,3x)|(0,2xp1)><(2,0)!|(0,0)!><(0,2)!|(0,0)!><(2xp2,0)!|(0,0)!><(0,2)!|(0,0)!><(0,0)!|(0,2)!><(0,1x)!|(0,0)!>
(0,0,0,0,8:0,0,0,0)(0,0,0,0,0,0,0,0)(0,0,0,0,0,0,0,0)(8:3,0,0,0,0,0,0,0);<(0,0)|(0,8)><(0,0)|(0,0)><(8,0)|(0,0)><(0,0)|(0,0)>;(0,0,0,0,3,0,0,5)(0,0,0,0,0,0,0,0)(0,0,0,0,0,0,0,0)(3,0,0,5,0,0,0,0);<(0,0)|(0,3x)><(0,0)!|(0,0)!><(0,0)!|(0,5x)!><(3x,0)|(0,0)><(0,0)!|(0,0)!><(5x,0)!|(0,0)!>;(0,2,0,1,3,0,0,2)(0,0,0,0,0,0,0,0)(0,0,0,0,0,0,0,0)(3,0,0,2,0,2,0,1);<(0,0)!|(0,3x)!><(2,0)|(0,0)><(1x,0)!|(0,2)!><(3x,0)!|(0,0)!><(0,0)|(0,2)><(2,0)!|(0,1x)!>
(0,0,0,0,8:0,0,0,0)(0,0,0,0,0,0,0,0)(0,0,0,0,4:3,0,0,0)(4:2,0,0,0,0,0,0,0);<(0,0)|(0,4x)><(0,0)|(0,0)><(8,0)|(4x,0)><(0,0)|(0,0)>;(0,0,0,0,3,0,0,5)(0,0,0,0,0,0,0,0)(0,0,2,0,2:3,0,0,0)(2:2,0,0,0,0,0,2,0);<(0,0)|(0,2x)><(0,0)|(2,0)><(3x,0)|(2x,0)><(0,0)!|(0,2)!><(5x,0)!|(0,0)!>;(0,2,0,1,3,0,0,2)(0,0,0,0,0,0,0,0)(0,0,2,0,2:3,0,0,0)(2:2,0,0,0,0,0,2,0);<(0,0)!|(0,2x)!><(2,0)!|(0,0)!><(0,0)!|(2,0)!><(1x,0)!|(0,0)!><(3x,0)|(2x,0)><(0,0)!|(0,2)!><(2,0)!|(0,0)!>
(0,0,0,0,8:0,0,0,0)(0,0,0,0,0,0,0,0)(0,0,0,0,8:2,0,0,0)(0,0,0,0,0,0,0,0);<0|0><0|0><0|0><0|0><8|8><0|0><0|0><0|0>;(0,0,0,0,3,0,0,5)(0,0,0,0,0,0,0,0)(0,0,0,0,3,0,0,5)(0,0,0,0,0,0,0,0);<(0,0)|(0,0)><(0,0)|(0,0)><(3x,0)|(3x,0)><(0,0)!|(0,0)!><(5x,0)!|(5x,0)!>;(0,2,0,1,3,0,0,2)(0,0,0,0,0,0,0,0)(0,2,0,1,3,0,0,2)(0,0,0,0,0,0,0,0);<(0,0)!|(0,0)!><(2,0)|(2,0)><(1x,0)!|(1x,0)!><(3x,0)|(3x,0)><(0,0)!|(0,0)!><(2,0)!|(2,0)!>
(0,0,0,0,8:0,0,0,0)(0,0,0,0,0,0,0,0)(4:2,0,0,0,4:2,0,0,0)(0,0,0,0,0,0,0,0);<0|4><0|0><0|0><0|0><8|4><0|0><0|0><0|0>;(0,0,0,0,3,0,0,5)(0,0,0,0,0,0,0,0)(3,0,0,1,3,0,0,1)(0,0,0,0,0,0,0,0);<(0,0)|(3x,0)><(0,0)!|(0,0)!><(0,0)!|(1x,0)!><(3x,0)|(3x,0)><(0,0)!|(0,0)!><(5x,0)!|(1x,0)!>;(0,2,0,1,3,0,0,2)(0,0,0,0,0,0,0,0)(3,0,0,1,3,0,0,1)(0,0,0,0,0,0,0,0);<(0,0)!|(3x,0)!><(2,0)|(0,0)><(1x,0)!|(1x,0)!><(3x,0)|(3x,0)><(0,0)!|(0,0)!><(2,0)!|(1x,0)!>
(0,0,0,0,8:0,0,0,0)(0,0,0,0,0,0,0,0)(8:2,0,0,0,0,0,0,0)(0,0,0,0,0,0,0,0);<0|8><0|0><0|0><0|0><8|0><0|0><0|0><0|0>;(0,0,0,0,3,0,0,5)(0,0,0,0,0,0,0,0)(3,0,0,5,0,0,0,0)(0,0,0,0,0,0,0,0);<(0,0)|(3x,0)><(0,0)!|(0,0)!><(0,0)!|(5x,0)!><(3x,0)|(0,0)><(0,0)!|(0,0)!><(5x,0)!|(0,0)!>;(0,2,0,1,3,0,0,2)(0,0,0,0,0,0,0,0)(3,0,0,2,0,2,0,1)(0,0,0,0,0,0,0,0);<(0,0)!|(3x,0)!><(2,0)|(0,0)><(1x,0)!|(2,0)!><(3x,0)!|(0,0)!><(0,0)|(2,0)><(2,0)!|(1x,0)!>
(0,0,0,0,8:0,0,0,0)(4:2,0,0,0,0,0,0,0)(0,0,0,0,4:1,0,0,0)(0,0,0,0,0,0,0,0);<(0,4xp2)|(0,0)><(0,0)|(0,0)><(8,0)|(4xp1,0)><(0,0)|(0,0)>;(0,0,0,0,3,0,0,5)(2:2,0,0,0,0,0,2,0)(0,0,2,0,2:1,0,0,0)(0,0,0,0,0,0,0,0);<(0,2xp2)|(0,0)><(0,0)|(2,0)><(3x,0)|(2xp1,0)><(0,2)!|(0,0)!><(5x,0)!|(0,0)!>;(0,2,0,1,3,0,0,2)(2:2,0,0,0,0,0,2,0)(0,0,2,0,2:1,0,0,0)(0,0,0,0,0,0,0,0);<(0,2xp2)!|(0,0)!><(2,0)!|(0,0)!><(0,0)!|(2,0)!><(1x,0)!|(0,0)!><(3x,0)|(2xp1,0)><(0,2)!|(0,0)!><(2,0)!|(0,0)!>
(0,0,0,0,8:0,0,0,0)(8:1,0,0,0,0,0,0,0)(0,0,0,0,0,0,0,0)(0,0,0,0,0,0,0,0);<(0,8)|(0,0)><(0,0)|(0,0)><(8,0)|(0,0)><(0,0)|(0,0)>;(0,0,0,0,3,0,0,5)(3,0,0,5,0,0,0,0)(0,0,0,0,0,0,0,0)(0,0,0,0,0,0,0,0);<(0,3x)|(0,0)><(0,0)!|(0,0)!><(0,5x)!|(0,0)!><(3x,0)|(0,0)><(0,0)!|(0,0)!><(5x,0)!|(0,0)!>;(0,2,0,1,3,0,0,2)(3,0,0,2,0,2,0,1)(0,0,0,0,0,0,0,0)(0,0,0,0,0,0,0,0);<(0,3x)!|(0,0)!><(2,0)|(0,0)><(1x,2)!|(0,0)!><(3x,0)!|(0,0)!><(0,2)|(0,0)><(2,1x)!|(0,0)!>
(0,0,0,0,8:2,0,0,0)(0,0,0,0,0,0,0,0)(0,0,0,0,4:3,0,0,0)(4:0,0,0,0,0,0,0,0);<(0,0)|(0,4xp1)><(0,0)|(0,0)><(8p2,0)|(4x,0)><(0,0)|(0,0)>;(0,0,2,0,2:2,0,0,0)(0,0,0,0,0,0,0,0)(0,0,0,0,2:3,0,6,0)(2:0,0,0,0,0,0,2,0);<(0,0)|(0,2xp1)><(2,0)|(0,0)><(2p2,0)|(2x,0)><(0,0)|(6,2)>;(0,0,2,0,2:2,0,0,0)(0,0,0,0,0,0,0,0)(2,0,2,0,2:3,0,2,0)(2:0,0,0,0,0,0,2,0);<(0,0)|(2,2xp1)><(2,0)|(2,0)><(2p2,0)|(2x,0)><(0,0)|(2,2)>
(0,0,0,0,8:2,0,0,0)(0,0,0,0,0,0,0,0)(0,0,0,0,8:0,0,0,0)(0,0,0,0,0,0,0,0);<0|0><0|0><0|0><0|0><8p2|8p1><0|0><0|0><0|0>;(0,0,0,0,2:2,0,6,0)(0,0,0,0,0,0,0,0)(0,0,0,0,2:0,0,6,0)(0,0,0,0,0,0,0,0);<0|0><0|0><0|0><0|0><2p2|2p1><0|0><6|6><0|0>;(2,0,2,0,2:2,0,2,0)(0,0,0,0,0,0,0,0)(2,0,2,0,2:0,0,2,0)(0,0,0,0,0,0,0,0);<2|2><0|0><2|2><0|0><2p2|2p1><0|0><2|2><0|0>
(0,0,0,0,8:2,0,0,0)(0,0,0,0,0,0,0,0)(4:0,0,0,0,4:2,0,0,0)(0,0,0,0,0,0,0,0);<0|4p1><0|0><0|0><0|0><8p2|4><0|0><0|0><0|0>;(0,0,2,0,6:2,0,0,0)(0,0,0,0,0,0,0,0)(2:0,0,2,0,3,0,0,1)(0,0,0,0,0,0,0,0);<(0,0)|(2p1,0)><(2,0)|(2,0)><(6p2,0)|(3x,0)><(0,0)!|(0,0)!><(0,0)!|(1x,0)!>;(0,0,2,0,6:2,0,0,0)(0,0,0,0,0,0,0,0)(2:0,0,2,0,3,0,0,1)(0,0,0,0,0,0,0,0);<(0,0)|(2p1,0)><(2,0)|(2,0)><(6p2,0)|(3x,0)><(0,0)!|(0,0)!><(0,0)!|(1x,0)!>
(0,0,0,0,8:2,0,0,0)(4:0,0,0,0,0,0,0,0)(0,0,0,0,4:1,0,0,0)(0,0,0,0,0,0,0,0);<(0,4x)|(0,0)><(0,0)|(0,0)><(8p2,0)|(4xp1,0)><(0,0)|(0,0)>;(0,0,2,0,2:2,0,0,0)(2:0,0,0,0,0,0,2,0)(0,0,0,0,2:1,0,6,0)(0,0,0,0,0,0,0,0);<(0,2x)|(0,0)><(2,0)|(0,0)><(2p2,0)|(2xp1,0)><(0,2)|(6,0)>;(0,0,2,0,2:2,0,0,0)(2:0,0,0,0,0,0,2,0)(2,0,2,0,2:1,0,2,0)(0,0,0,0,0,0,0,0);<(0,2x)|(2,0)><(2,0)|(2,0)><(2p2,0)|(2xp1,0)><(0,2)|(2,0)>
(0,0,0,0,c:1,0,0,0)(4:0,0,0,0,0,0,0,0)(0,0,0,0,0,0,0,0)(0,0,0,0,0,0,0,0);<(0,4x)|(0,0)><(0,0)|(0,0)><(cx,0)|(0,0)><(0,0)|(0,0)>;(0,0,2,0,6:1,0,0,0)(2:0,0,6,0,0,0,0,0)(0,0,0,0,0,0,0,0)(0,0,0,0,0,0,0,0);<(0,2x)|(0,0)><(2,6)|(0,0)><(6x,0)|(0,0)><(0,0)|(0,0)>;(0,0,2,0,6:1,0,0,0)(2:0,0,2,0,2,0,2,0)(0,0,0,0,0,0,0,0)(0,0,0,0,0,0,0,0);<(0,2x)|(0,0)><(2,2)|(0,0)><(6x,2)|(0,0)><(0,2)|(0,0)>
(0,0,0,0,c:2,0,0,0)(0,0,0,0,0,0,0,0)(4:0,0,0,0,0,0,0,0)(0,0,0,0,0,0,0,0);<0|4p1><0|0><0|0><0|0><cp2|0><0|0><0|0><0|0>;(0,0,2,0,6:2,0,0,0)(0,0,0,0,0,0,0,0)(2:0,0,6,0,0,0,0,0)(0,0,0,0,0,0,0,0);<0|2p1><0|0><2|6><0|0><6p2|0><0|0><0|0><0|0>;(0,0,2,0,6:2,0,0,0)(0,0,0,0,0,0,0,0)(2:0,0,2,0,2,0,2,0)(0,0,0,0,0,0,0,0);<0|2p1><0|0><2|2><0|0><6p2|2><0|0><0|2><0|0>
(0,0,0,0,c:3,0,0,0)(0,0,0,0,0,0,0,0)(0,0,0,0,0,0,0,0)(4:0,0,0,0,0,0,0,0);<(0,0)|(0,4xp1)><(0,0)|(0,0)><(cxp2,0)|(0,0)><(0,0)|(0,0)>;(0,0,2,0,6:3,0,0,0)(0,0,0,0,0,0,0,0)(0,0,0,0,0,0,0,0)(2:0,0,6,0,0,0,0,0);<(0,0)|(0,2xp1)><(2,0)|(0,6)><(6xp2,0)|(0,0)><(0,0)|(0,0)>;(0,0,2,0,6:3,0,0,0)(0,0,0,0,0,0,0,0)(0,0,0,0,0,0,0,0)(2:0,0,2,0,2,0,2,0);<(0,0)|(0,2xp1)><(2,0)|(0,2)><(6xp2,0)|(0,2)><(0,0)|(0,2)>
(4:0,0,0,0,4:0,0,0,0)(0,0,0,0,0,0,0,0)(0,0,0,0,0,0,0,0)(8:3,0,0,0,0,0,0,0);<(4,0)|(0,8)><(0,0)|(0,0)><(4,0)|(0,0)><(0,0)|(0,0)>;(3,0,0,1,3,0,0,1)(0,0,0,0,0,0,0,0)(0,0,0,0,0,0,0,0)(3,0,0,5,0,0,0,0);<(3x,0)|(0,3x)><(0,0)!|(0,0)!><(1x,0)!|(0,5x)!><(3x,0)|(0,0)><(0,0)!|(0,0)!><(1x,0)!|(0,0)!>;(3,0,0,1,3,0,0,1)(0,0,0,0,0,0,0,0)(0,0,0,0,0,0,0,0)(3,0,0,2,0,2,0,1);<(3x,0)|(0,3x)><(0,0)!|(0,0)!><(1x,0)!|(0,2)!><(3x,0)!|(0,0)!><(0,0)|(0,2)><(1x,0)!|(0,1x)!>
(4:0,0,0,0,4:0,0,0,0)(0,0,0,0,0,0,0,0)(0,0,0,0,4:3,0,0,0)(4:2,0,0,0,0,0,0,0);<(4,0)|(0,4x)><(0,0)|(0,0)><(4,0)|(4x,0)><(0,0)|(0,0)>;(3,0,0,1,3,0,0,1)(0,0,0,0,0,0,0,0)(0,0,2,0,2:3,0,0,0)(2:2,0,0,0,0,0,2,0);<(3x,0)|(0,2x)><(0,0)!|(2,0)!><(1x,0)!|(0,0)!><(3x,0)|(2x,0)><(0,0)!|(0,2)!><(1x,0)!|(0,0)!>;(3,0,0,1,3,0,0,1)(0,0,0,0,0,0,0,0)(0,0,2,0,2:3,0,0,0)(2:2,0,0,0,0,0,2,0);<(3x,0)|(0,2x)><(0,0)!|(2,0)!><(1x,0)!|(0,0)!><(3x,0)|(2x,0)><(0,0)!|(0,2)!><(1x,0)!|(0,0)!>
(4:0,0,0,0,4:0,0,0,0)(0,0,0,0,0,0,0,0)(0,0,0,0,8:2,0,0,0)(0,0,0,0,0,0,0,0);<4|0><0|0><0|0><0|0><4|8><0|0><0|0><0|0>;(3,0,0,1,3,0,0,1)(0,0,0,0,0,0,0,0)(0,0,0,0,3,0,0,5)(0,0,0,0,0,0,0,0);<(3x,0)|(0,0)><(0,0)!|(0,0)!><(1x,0)!|(0,0)!><(3x,0)|(3x,0)><(0,0)!|(0,0)!><(1x,0)!|(5x,0)!>;(3,0,0,1,3,0,0,1)(0,0,0,0,0,0,0,0)(0,2,0,1,3,0,0,2)(0,0,0,0,0,0,0,0);<(3x,0)!|(0,0)!><(0,0)|(2,0)><(1x,0)!|(1x,0)!><(3x,0)|(3x,0)><(0,0)!|(0,0)!><(1x,0)!|(2,0)!>
(4:0,0,0,0,4:0,0,0,0)(0,0,0,0,0,0,0,0)(4:2,0,0,0,4:2,0,0,0)(0,0,0,0,0,0,0,0);<4|4><0|0><0|0><0|0><4|4><0|0><0|0><0|0>;(3,0,0,1,3,0,0,1)(0,0,0,0,0,0,0,0)(3,0,0,1,3,0,0,1)(0,0,0,0,0,0,0,0);<(3x,0)|(3x,0)><(0,0)!|(0,0)!><(1x,0)!|(1x,0)!><(3x,0)|(3x,0)><(0,0)!|(0,0)!><(1x,0)!|(1x,0)!>;(3,0,0,1,3,0,0,1)(0,0,0,0,0,0,0,0)(3,0,0,1,3,0,0,1)(0,0,0,0,0,0,0,0);<(3x,0)|(3x,0)><(0,0)!|(0,0)!><(1x,0)!|(1x,0)!><(3x,0)|(3x,0)><(0,0)!|(0,0)!><(1x,0)!|(1x,0)!>
(4:0,0,0,0,4:0,0,0,0)(0,0,0,0,0,0,0,0)(8:2,0,0,0,0,0,0,0)(0,0,0,0,0,0,0,0);<4|8><0|0><0|0><0|0><4|0><0|0><0|0><0|0>;(3,0,0,1,3,0,0,1)(0,0,0,0,0,0,0,0)(3,0,0,5,0,0,0,0)(0,0,0,0,0,0,0,0);<(3x,0)|(3x,0)><(0,0)!|(0,0)!><(1x,0)!|(5x,0)!><(3x,0)|(0,0)><(0,0)!|(0,0)!><(1x,0)!|(0,0)!>;(3,0,0,1,3,0,0,1)(0,0,0,0,0,0,0,0)(3,0,0,2,0,2,0,1)(0,0,0,0,0,0,0,0);<(3x,0)|(3x,0)><(0,0)!|(0,0)!><(1x,0)!|(2,0)!><(3x,0)!|(0,0)!><(0,0)|(2,0)><(1x,0)!|(1x,0)!>
(4:0,0,0,0,4:0,0,0,0)(4:2,0,0,0,0,0,0,0)(0,0,0,0,4:1,0,0,0)(0,0,0,0,0,0,0,0);<(4,4xp2)|(0,0)><(0,0)|(0,0)><(4,0)|(4xp1,0)><(0,0)|(0,0)>;(3,0,0,1,3,0,0,1)(2:2,0,0,0,0,0,2,0)(0,0,2,0,2:1,0,0,0)(0,0,0,0,0,0,0,0);<(3x,2xp2)|(0,0)><(0,0)!|(2,0)!><(1x,0)!|(0,0)!><(3x,0)|(2xp1,0)><(0,2)!|(0,0)!><(1x,0)!|(0,0)!>;(3,0,0,1,3,0,0,1)(2:2,0,0,0,0,0,2,0)(0,0,2,0,2:1,0,0,0)(0,0,0,0,0,0,0,0);<(3x,2xp2)|(0,0)><(0,0)!|(2,0)!><(1x,0)!|(0,0)!><(3x,0)|(2xp1,0)><(0,2)!|(0,0)!><(1x,0)!|(0,0)!>
(4:0,0,0,0,4:0,0,0,0)(8:1,0,0,0,0,0,0,0)(0,0,0,0,0,0,0,0)(0,0,0,0,0,0,0,0);<(4,8)|(0,0)><(0,0)|(0,0)><(4,0)|(0,0)><(0,0)|(0,0)>;(3,0,0,1,3,0,0,1)(3,0,0,5,0,0,0,0)(0,0,0,0,0,0,0,0)(0,0,0,0,0,0,0,0);<(3x,3x)|(0,0)><(0,0)!|(0,0)!><(1x,5x)!|(0,0)!><(3x,0)|(0,0)><(0,0)!|(0,0)!><(1x,0)!|(0,0)!>;(3,0,0,1,3,0,0,1)(3,0,0,2,0,2,0,1)(0,0,0,0,0,0,0,0)(0,0,0,0,0,0,0,0);<(3x,3x)|(0,0)><(0,0)!|(0,0)!><(1x,2)!|(0,0)!><(3x,0)!|(0,0)!><(0,2)|(0,0)><(1x,1x)!|(0,0)!>
(4:0,0,0,0,4:1,0,0,0)(4:2,0,0,0,0,0,0,0)(0,0,0,0,4:0,0,0,0)(0,0,0,0,0,0,0,0);<(4,4xp2)|(0,0)><(0,0)|(0,0)><(4x,0)|(4p1,0)><(0,0)|(0,0)>;(3,0,0,1,2:1,0,2,0)(2:2,0,0,0,0,0,2,0)(0,0,2,0,2:0,0,0,0)(0,0,0,0,0,0,0,0);<(3x,2xp2)|(0,0)><(0,0)!|(2,0)!><(1x,0)!|(0,0)!><(2x,0)|(2p1,0)><(2,2)|(0,0)>;(3,0,0,1,2:1,0,2,0)(2:2,0,0,0,0,0,2,0)(0,0,2,0,2:0,0,0,0)(0,0,0,0,0,0,0,0);<(3x,2xp2)|(0,0)><(0,0)!|(2,0)!><(1x,0)!|(0,0)!><(2x,0)|(2p1,0)><(2,2)|(0,0)>
(4:0,0,0,0,4:1,0,0,0)(8:0,0,0,0,0,0,0,0)(0,0,0,0,0,0,0,0)(0,0,0,0,0,0,0,0);<(4,8x)|(0,0)><(0,0)|(0,0)><(4x,0)|(0,0)><(0,0)|(0,0)>;(3,0,0,1,2:1,0,2,0)(6:0,0,0,0,0,0,2,0)(0,0,0,0,0,0,0,0)(0,0,0,0,0,0,0,0);<(3x,6x)|(0,0)><(0,0)!|(0,0)!><(1x,0)!|(0,0)!><(2x,0)|(0,0)><(2,2)|(0,0)>;(3,0,0,1,2:1,0,2,0)(6:0,0,0,0,0,0,2,0)(0,0,0,0,0,0,0,0)(0,0,0,0,0,0,0,0);<(3x,6x)|(0,0)><(0,0)!|(0,0)!><(1x,0)!|(0,0)!><(2x,0)|(0,0)><(2,2)|(0,0)>
(4:0,0,0,0,4:2,0,0,0)(0,0,0,0,0,0,0,0)(4:2,0,0,0,4:0,0,0,0)(0,0,0,0,0,0,0,0);<4|4><0|0><0|0><0|0><4p2|4p1><0|0><0|0><0|0>;(3,0,0,1,2:2,0,2,0)(0,0,0,0,0,0,0,0)(3,0,0,1,2:0,0,2,0)(0,0,0,0,0,0,0,0);<(3x,0)|(3x,0)><(0,0)!|(0,0)!><(1x,0)!|(1x,0)!><(2p2,0)|(2p1,0)><(2,0)|(2,0)>;(3,0,0,1,2:2,0,2,0)(0,0,0,0,0,0,0,0)(3,0,0,1,2:0,0,2,0)(0,0,0,0,0,0,0,0);<(3x,0)|(3x,0)><(0,0)!|(0,0)!><(1x,0)!|(1x,0)!><(2p2,0)|(2p1,0)><(2,0)|(2,0)>
(4:0,0,0,0,4:2,0,0,0)(0,0,0,0,0,0,0,0)(8:0,0,0,0,0,0,0,0)(0,0,0,0,0,0,0,0);<4|8p1><0|0><0|0><0|0><4p2|0><0|0><0|0><0|0>;(3,0,0,1,2:2,0,2,0)(0,0,0,0,0,0,0,0)(6:0,0,0,0,0,0,2,0)(0,0,0,0,0,0,0,0);<(3x,0)|(6p1,0)><(0,0)!|(0,0)!><(1x,0)!|(0,0)!><(2p2,0)|(0,0)><(2,0)|(2,0)>;(3,0,0,1,2:2,0,2,0)(0,0,0,0,0,0,0,0)(6:0,0,0,0,0,0,2,0)(0,0,0,0,0,0,0,0);<(3x,0)|(6p1,0)><(0,0)!|(0,0)!><(1x,0)!|(0,0)!><(2p2,0)|(0,0)><(2,0)|(2,0)>
(4:0,0,0,0,4:3,0,0,0)(0,0,0,0,0,0,0,0)(0,0,0,0,0,0,0,0)(8:0,0,0,0,0,0,0,0);<(4,0)|(0,8xp1)><(0,0)|(0,0)><(4xp2,0)|(0,0)><(0,0)|(0,0)>;(3,0,0,1,2:3,0,2,0)(0,0,0,0,0,0,0,0)(0,0,0,0,0,0,0,0)(6:0,0,0,0,0,0,2,0);<(3x,0)|(0,6xp1)><(0,0)!|(0,0)!><(1x,0)!|(0,0)!><(2xp2,0)|(0,0)><(2,0)|(0,2)>;(3,0,0,1,2:3,0,2,0)(0,0,0,0,0,0,0,0)(0,0,0,0,0,0,0,0)(6:0,0,0,0,0,0,2,0);<(3x,0)|(0,6xp1)><(0,0)!|(0,0)!><(1x,0)!|(0,0)!><(2xp2,0)|(0,0)><(2,0)|(0,2)>
(4:0,0,0,0,4:3,0,0,0)(0,0,0,0,0,0,0,0)(0,0,0,0,4:0,0,0,0)(4:2,0,0,0,0,0,0,0);<(4,0)|(0,4x)><(0,0)|(0,0)><(4xp2,0)|(4p1,0)><(0,0)|(0,0)>;(3,0,0,1,2:3,0,2,0)(0,0,0,0,0,0,0,0)(0,0,2,0,2:0,0,0,0)(2:2,0,0,0,0,0,2,0);<(3x,0)|(0,2x)><(0,0)!|(2,0)!><(1x,0)!|(0,0)!><(2xp2,0)|(2p1,0)><(2,0)|(0,2)>;(3,0,0,1,2:3,0,2,0)(0,0,0,0,0,0,0,0)(0,0,2,0,2:0,0,0,0)(2:2,0,0,0,0,0,2,0);<(3x,0)|(0,2x)><(0,0)!|(2,0)!><(1x,0)!|(0,0)!><(2xp2,0)|(2p1,0)><(2,0)|(0,2)>
(4:0,0,0,0,8:2,0,0,0)(0,0,0,0,0,0,0,0)(0,0,0,0,4:0,0,0,0)(0,0,0,0,0,0,0,0);<4|0><0|0><0|0><0|0><8p2|4p1><0|0><0|0><0|0>;(3,0,0,1,2:2,0,2,0)(0,0,0,0,0,0,0,0)(0,0,0,0,2:0,0,6,0)(0,0,0,0,0,0,0,0);<(3x,0)|(0,0)><(0,0)!|(0,0)!><(1x,0)!|(0,0)!><(2p2,0)|(2p1,0)><(2,0)|(6,0)>;(3,0,0,1,2:2,0,2,0)(0,0,0,0,0,0,0,0)(2,0,2,0,2:0,0,2,0)(0,0,0,0,0,0,0,0);<(3x,0)|(2,0)><(0,0)!|(2,0)!><(1x,0)!|(0,0)!><(2p2,0)|(2p1,0)><(2,0)|(2,0)>
(4:0,0,0,0,c:0,0,0,0)(0,0,0,0,0,0,0,0)(0,0,0,0,0,0,0,0)(0,0,0,0,0,0,0,0);<4|0><0|0><0|0><0|0><c|0><0|0><0|0><0|0>;(3,0,0,1,a,0,2,0)(0,0,0,0,0,0,0,0)(0,0,0,0,0,0,0,0)(0,0,0,0,0,0,0,0);<(3x,0)|(0,0)><(0,0)!|(0,0)!><(1x,0)!|(0,0)!><(a,0)|(0,0)><(2,0)|(0,0)>;(3,0,0,1,a,0,2,0)(0,0,0,0,0,0,0,0)(0,0,0,0,0,0,0,0)(0,0,0,0,0,0,0,0);<(3x,0)|(0,0)><(0,0)!|(0,0)!><(1x,0)!|(0,0)!><(a,0)|(0,0)><(2,0)|(0,0)>
(4:2,0,0,0,0,0,0,0)(0,0,0,0,0,0,0,0)(0,0,0,0,4:0,0,0,0)(8:3,0,0,0,0,0,0,0);<(4p2,0)|(0,8)><(0,0)|(0,0)><(0,0)|(4p1,0)><(0,0)|(0,0)>;(2:2,0,0,0,0,0,2,0)(0,0,0,0,0,0,0,0)(0,0,2,0,2:0,0,0,0)(3,0,0,5,0,0,0,0);<(2p2,0)|(0,3x)><(0,0)!|(2,0)!><(0,0)!|(0,5x)!><(0,0)|(2p1,0)><(2,0)|(0,0)>;(2:2,0,0,0,0,0,2,0)(0,0,0,0,0,0,0,0)(0,0,2,0,2:0,0,0,0)(3,0,0,2,0,2,0,1);<(2p2,0)|(0,3x)><(0,0)!|(2,0)!><(0,0)!|(0,2)!><(0,0)!|(2p1,0)!><(0,0)!|(0,2)!><(2,0)!|(0,0)!><(0,0)!|(0,1x)!>
(4:2,0,0,0,0,0,0,0)(0,0,0,0,0,0,0,0)(0,0,0,0,4:3,0,0,0)(8:0,0,0,0,0,0,0,0);<(4p2,0)|(0,8xp1)><(0,0)|(0,0)><(0,0)|(4x,0)><(0,0)|(0,0)>;(2:2,0,6,0,0,0,0,0)(0,0,0,0,0,0,0,0)(0,0,2,0,2:3,0,0,0)(2:0,0,0,0,0,0,2,0);<(2p2,0)|(0,2xp1)><(6,0)|(2,0)><(0,0)|(2x,0)><(0,0)|(0,2)>;(2:2,0,2,0,2,0,2,0)(0,0,0,0,0,0,0,0)(0,0,2,0,2:3,0,0,0)(2:0,0,0,0,0,0,2,0);<(2p2,0)|(0,2xp1)><(2,0)|(2,0)><(2,0)|(2x,0)><(2,0)|(0,2)>
(4:2,0,0,0,0,0,0,0)(0,0,0,0,0,0,0,0)(0,0,0,0,c:0,0,0,0)(0,0,0,0,0,0,0,0);<4p2|0><0|0><0|0><0|0><0|cp1><0|0><0|0><0|0>;(2:2,0,6,0,0,0,0,0)(0,0,0,0,0,0,0,0)(0,0,2,0,6:0,0,0,0)(0,0,0,0,0,0,0,0);<2p2|0><0|0><6|2><0|0><0|6p1><0|0><0|0><0|0>;(2:2,0,2,0,2,0,2,0)(0,0,0,0,0,0,0,0)(0,0,2,0,6:0,0,0,0)(0,0,0,0,0,0,0,0);<2p2|0><0|0><2|2><0|0><2|6p1><0|0><2|0><0|0>
(4:2,0,0,0,0,0,0,0)(0,0,0,0,0,0,0,0)(8:0,0,0,0,4:2,0,0,0)(0,0,0,0,0,0,0,0);<4p2|8p1><0|0><0|0><0|0><0|4><0|0><0|0><0|0>;(2:2,0,6,0,0,0,0,0)(0,0,0,0,0,0,0,0)(2:0,0,2,0,3,0,0,1)(0,0,0,0,0,0,0,0);<(2p2,0)|(2p1,0)><(6,0)|(2,0)><(0,0)|(3x,0)><(0,0)!|(0,0)!><(0,0)!|(1x,0)!>;(2:2,0,2,0,2,0,2,0)(0,0,0,0,0,0,0,0)(2:0,0,2,0,3,0,0,1)(0,0,0,0,0,0,0,0);<(2p2,0)|(2p1,0)><(2,0)|(2,0)><(2,0)|(3x,0)><(2,0)!|(0,0)!><(0,0)!|(1x,0)!>
(4:2,0,0,0,0,0,0,0)(0,0,0,0,0,0,0,0)(8:2,0,0,0,4:0,0,0,0)(0,0,0,0,0,0,0,0);<4p2|8><0|0><0|0><0|0><0|4p1><0|0><0|0><0|0>;(2:2,0,0,0,0,0,2,0)(0,0,0,0,0,0,0,0)(6,0,2,0,2:0,0,2,0)(0,0,0,0,0,0,0,0);<2p2|6><0|0><0|2><0|0><0|2p1><0|0><2|2><0|0>;(2:2,0,0,0,0,0,2,0)(0,0,0,0,0,0,0,0)(6,0,2,0,2:0,0,2,0)(0,0,0,0,0,0,0,0);<2p2|6><0|0><0|2><0|0><0|2p1><0|0><2|2><0|0>
(4:2,0,0,0,0,0,0,0)(8:0,0,0,0,0,0,0,0)(0,0,0,0,4:1,0,0,0)(0,0,0,0,0,0,0,0);<(4p2,8x)|(0,0)><(0,0)|(0,0)><(0,0)|(4xp1,0)><(0,0)|(0,0)>;(2:2,0,6,0,0,0,0,0)(2:0,0,0,0,0,0,2,0)(0,0,2,0,2:1,0,0,0)(0,0,0,0,0,0,0,0);<(2p2,2x)|(0,0)><(6,0)|(2,0)><(0,0)|(2xp1,0)><(0,2)|(0,0)>;(2:2,0,2,0,2,0,2,0)(2:0,0,0,0,0,0,2,0)(0,0,2,0,2:1,0,0,0)(0,0,0,0,0,0,0,0);<(2p2,2x)|(0,0)><(2,0)|(2,0)><(2,0)|(2xp1,0)><(2,2)|(0,0)>
(4:2,0,0,0,0,0,0,0)(8:1,0,0,0,0,0,0,0)(0,0,0,0,4:0,0,0,0)(0,0,0,0,0,0,0,0);<(4p2,8)|(0,0)><(0,0)|(0,0)><(0,0)|(4p1,0)><(0,0)|(0,0)>;(2:2,0,0,0,0,0,2,0)(3,0,0,5,0,0,0,0)(0,0,2,0,2:0,0,0,0)(0,0,0,0,0,0,0,0);<(2p2,3x)|(0,0)><(0,0)!|(2,0)!><(0,5x)!|(0,0)!><(0,0)|(2p1,0)><(2,0)|(0,0)>;(2:2,0,0,0,0,0,2,0)(3,0,0,2,0,2,0,1)(0,0,2,0,2:0,0,0,0)(0,0,0,0,0,0,0,0);<(2p2,3x)|(0,0)><(0,0)!|(2,0)!><(0,2)!|(0,0)!><(0,0)!|(2p1,0)!><(0,2)!|(0,0)!><(2,0)!|(0,0)!><(0,1x)!|(0,0)!>
(4:2,0,0,0,4:0,0,0,0)(0,0,0,0,0,0,0,0)(0,0,0,0,4:3,0,0,0)(4:0,0,0,0,0,0,0,0);<(4p2,0)|(0,4xp1)><(0,0)|(0,0)><(4,0)|(4x,0)><(0,0)|(0,0)>;(2:2,0,2,0,3,0,0,1)(0,0,0,0,0,0,0,0)(0,0,2,0,2:3,0,0,0)(2:0,0,0,0,0,0,2,0);<(2p2,0)|(0,2xp1)><(2,0)|(2,0)><(3x,0)|(2x,0)><(0,0)!|(0,2)!><(1x,0)!|(0,0)!>;(2:2,0,2,0,3,0,0,1)(0,0,0,0,0,0,0,0)(0,0,2,0,2:3,0,0,0)(2:0,0,0,0,0,0,2,0);<(2p2,0)|(0,2xp1)><(2,0)|(2,0)><(3x,0)|(2x,0)><(0,0)!|(0,2)!><(1x,0)!|(0,0)!>
(4:2,0,0,0,4:0,0,0,0)(0,0,0,0,0,0,0,0)(0,0,0,0,8:0,0,0,0)(0,0,0,0,0,0,0,0);<4p2|0><0|0><0|0><0|0><4|8p1><0|0><0|0><0|0>;(2:2,0,2,0,3,0,0,1)(0,0,0,0,0,0,0,0)(0,0,2,0,6:0,0,0,0)(0,0,0,0,0,0,0,0);<(2p2,0)|(0,0)><(2,0)|(2,0)><(3x,0)|(6p1,0)><(0,0)!|(0,0)!><(1x,0)!|(0,0)!>;(2:2,0,2,0,3,0,0,1)(0,0,0,0,0,0,0,0)(0,0,2,0,6:0,0,0,0)(0,0,0,0,0,0,0,0);<(2p2,0)|(0,0)><(2,0)|(2,0)><(3x,0)|(6p1,0)><(0,0)!|(0,0)!><(1x,0)!|(0,0)!>
(4:2,0,0,0,4:0,0,0,0)(0,0,0,0,0,0,0,0)(4:0,0,0,0,4:2,0,0,0)(0,0,0,0,0,0,0,0);<4p2|4p1><0|0><0|0><0|0><4|4><0|0><0|0><0|0>;(2:2,0,2,0,3,0,0,1)(0,0,0,0,0,0,0,0)(2:0,0,2,0,3,0,0,1)(0,0,0,0,0,0,0,0);<(2p2,0)|(2p1,0)><(2,0)|(2,0)><(3x,0)|(3x,0)><(0,0)!|(0,0)!><(1x,0)!|(1x,0)!>;(2:2,0,2,0,3,0,0,1)(0,0,0,0,0,0,0,0)(2:0,0,2,0,3,0,0,1)(0,0,0,0,0,0,0,0);<(2p2,0)|(2p1,0)><(2,0)|(2,0)><(3x,0)|(3x,0)><(0,0)!|(0,0)!><(1x,0)!|(1x,0)!>
(4:2,0,0,0,4:0,0,0,0)(4:0,0,0,0,0,0,0,0)(0,0,0,0,4:1,0,0,0)(0,0,0,0,0,0,0,0);<(4p2,4x)|(0,0)><(0,0)|(0,0)><(4,0)|(4xp1,0)><(0,0)|(0,0)>;(2:2,0,2,0,3,0,0,1)(2:0,0,0,0,0,0,2,0)(0,0,2,0,2:1,0,0,0)(0,0,0,0,0,0,0,0);<(2p2,2x)|(0,0)><(2,0)|(2,0)><(3x,0)|(2xp1,0)><(0,2)!|(0,0)!><(1x,0)!|(0,0)!>;(2:2,0,2,0,3,0,0,1)(2:0,0,0,0,0,0,2,0)(0,0,2,0,2:1,0,0,0)(0,0,0,0,0,0,0,0);<(2p2,2x)|(0,0)><(2,0)|(2,0)><(3x,0)|(2xp1,0)><(0,2)!|(0,0)!><(1x,0)!|(0,0)!>
(4:2,0,0,0,4:1,0,0,0)(4:0,0,0,0,0,0,0,0)(0,0,0,0,4:0,0,0,0)(0,0,0,0,0,0,0,0);<(4p2,4x)|(0,0)><(0,0)|(0,0)><(4x,0)|(4p1,0)><(0,0)|(0,0)>;(2:2,0,2,0,2:1,0,2,0)(2:0,0,0,0,0,0,2,0)(0,0,2,0,2:0,0,0,0)(0,0,0,0,0,0,0,0);<(2p2,2x)|(0,0)><(2,0)|(2,0)><(2x,0)|(2p1,0)><(2,2)|(0,0)>;(2:2,0,2,0,2:1,0,2,0)(2:0,0,0,0,0,0,2,0)(0,0,2,0,2:0,0,0,0)(0,0,0,0,0,0,0,0);<(2p2,2x)|(0,0)><(2,0)|(2,0)><(2x,0)|(2p1,0)><(2,2)|(0,0)>
(4:2,0,0,0,4:2,0,0,0)(0,0,0,0,0,0,0,0)(4:0,0,0,0,4:0,0,0,0)(0,0,0,0,0,0,0,0);<4p2|4p1><0|0><0|0><0|0><4p2|4p1><0|0><0|0><0|0>;(2:2,0,2,0,2:2,0,2,0)(0,0,0,0,0,0,0,0)(2:0,0,2,0,2:0,0,2,0)(0,0,0,0,0,0,0,0);<2p2|2p1><0|0><2|2><0|0><2p2|2p1><0|0><2|2><0|0>;(2:2,0,2,0,2:2,0,2,0)(0,0,0,0,0,0,0,0)(2:0,0,2,0,2:0,0,2,0)(0,0,0,0,0,0,0,0);<2p2|2p1><0|0><2|2><0|0><2p2|2p1><0|0><2|2><0|0>
(4:2,0,0,0,4:3,0,0,0)(0,0,0,0,0,0,0,0)(0,0,0,0,4:0,0,0,0)(4:0,0,0,0,0,0,0,0);<(4p2,0)|(0,4xp1)><(0,0)|(0,0)><(4xp2,0)|(4p1,0)><(0,0)|(0,0)>;(2:2,0,2,0,2:3,0,2,0)(0,0,0,0,0,0,0,0)(0,0,2,0,2:0,0,0,0)(2:0,0,0,0,0,0,2,0);<(2p2,0)|(0,2xp1)><(2,0)|(2,0)><(2xp2,0)|(2p1,0)><(2,0)|(0,2)>;(2:2,0,2,0,2:3,0,2,0)(0,0,0,0,0,0,0,0)(0,0,2,0,2:0,0,0,0)(2:0,0,0,0,0,0,2,0);<(2p2,0)|(0,2xp1)><(2,0)|(2,0)><(2xp2,0)|(2p1,0)><(2,0)|(0,2)>
(4:2,0,0,0,8:0,0,0,0)(0,0,0,0,0,0,0,0)(0,0,0,0,4:0,0,0,0)(0,0,0,0,0,0,0,0);<4p2|0><0|0><0|0><0|0><8|4p1><0|0><0|0><0|0>;(2:2,0,2,0,6,0,2,0)(0,0,0,0,0,0,0,0)(0,0,2,0,2:0,0,0,0)(0,0,0,0,0,0,0,0);<2p2|0><0|0><2|2><0|0><6|2p1><0|0><2|0><0|0>;(2:2,0,2,0,6,0,2,0)(0,0,0,0,0,0,0,0)(0,0,2,0,2:0,0,0,0)(0,0,0,0,0,0,0,0);<2p2|0><0|0><2|2><0|0><6|2p1><0|0><2|0><0|0>
(8:0,0,0,0,0,0,0,0)(0,0,0,0,0,0,0,0)(0,0,0,0,0,0,0,0)(8:3,0,0,0,0,0,0,0);<(8,0)|(0,8)><(0,0)|(0,0)><(0,0)|(0,0)><(0,0)|(0,0)>;(3,0,0,5,0,0,0,0)(0,0,0,0,0,0,0,0)(0,0,0,0,0,0,0,0)(3,0,0,5,0,0,0,0);<(3x,0)|(0,3x)><(0,0)!|(0,0)!><(5x,0)|(0,5x)><(0,0)|(0,0)><(0,0)!|(0,0)!>;(3,0,0,2,0,2,0,1)(0,0,0,0,0,0,0,0)(0,0,0,0,0,0,0,0)(3,0,0,2,0,2,0,1);<(3x,0)|(0,3x)><(0,0)!|(0,0)!><(2,0)|(0,2)><(2,0)|(0,2)><(1x,0)!|(0,1x)!>
(8:0,0,0,0,0,0,0,0)(0,0,0,0,0,0,0,0)(0,0,0,0,4:3,0,0,0)(4:2,0,0,0,0,0,0,0);<(8,0)|(0,4x)><(0,0)|(0,0)><(0,0)|(4x,0)><(0,0)|(0,0)>;(3,0,0,5,0,0,0,0)(0,0,0,0,0,0,0,0)(0,0,2,0,2:3,0,0,0)(2:2,0,0,0,0,0,2,0);<(3x,0)|(0,2x)><(0,0)!|(2,0)!><(5x,0)!|(0,0)!><(0,0)|(2x,0)><(0,0)|(0,2)>;(3,0,0,2,0,2,0,1)(0,0,0,0,0,0,0,0)(0,0,2,0,2:3,0,0,0)(2:2,0,0,0,0,0,2,0);<(3x,0)|(0,2x)><(0,0)!|(2,0)!><(2,0)!|(0,0)!><(0,0)!|(2x,0)!><(2,0)!|(0,0)!><(0,0)!|(0,2)!><(1x,0)!|(0,0)!>
(8:0,0,0,0,0,0,0,0)(0,0,0,0,0,0,0,0)(0,0,0,0,8:2,0,0,0)(0,0,0,0,0,0,0,0);<8|0><0|0><0|0><0|0><0|8><0|0><0|0><0|0>;(3,0,0,5,0,0,0,0)(0,0,0,0,0,0,0,0)(0,0,0,0,3,0,0,5)(0,0,0,0,0,0,0,0);<(3x,0)|(0,0)><(0,0)!|(0,0)!><(5x,0)!|(0,0)!><(0,0)|(3x,0)><(0,0)!|(0,0)!><(0,0)!|(5x,0)!>;(3,0,0,2,0,2,0,1)(0,0,0,0,0,0,0,0)(0,2,0,1,3,0,0,2)(0,0,0,0,0,0,0,0);<(3x,0)!|(0,0)!><(0,0)|(2,0)><(2,0)!|(1x,0)!><(0,0)!|(3x,0)!><(2,0)|(0,0)><(1x,0)!|(2,0)!>
(8:0,0,0,0,0,0,0,0)(0,0,0,0,0,0,0,0)(4:2,0,0,0,4:2,0,0,0)(0,0,0,0,0,0,0,0);<8|4><0|0><0|0><0|0><0|4><0|0><0|0><0|0>;(3,0,0,5,0,0,0,0)(0,0,0,0,0,0,0,0)(3,0,0,1,3,0,0,1)(0,0,0,0,0,0,0,0);<(3x,0)|(3x,0)><(0,0)!|(0,0)!><(5x,0)!|(1x,0)!><(0,0)|(3x,0)><(0,0)!|(0,0)!><(0,0)!|(1x,0)!>;(3,0,0,2,0,2,0,1)(0,0,0,0,0,0,0,0)(3,0,0,1,3,0,0,1)(0,0,0,0,0,0,0,0);<(3x,0)|(3x,0)><(0,0)!|(0,0)!><(2,0)!|(1x,0)!><(0,0)!|(3x,0)!><(2,0)|(0,0)><(1x,0)!|(1x,0)!>
(8:0,0,0,0,0,0,0,0)(0,0,0,0,0,0,0,0)(8:2,0,0,0,0,0,0,0)(0,0,0,0,0,0,0,0);<8|8><0|0><0|0><0|0><0|0><0|0><0|0><0|0>;(3,0,0,5,0,0,0,0)(0,0,0,0,0,0,0,0)(3,0,0,5,0,0,0,0)(0,0,0,0,0,0,0,0);<(3x,0)|(3x,0)><(0,0)!|(0,0)!><(5x,0)|(5x,0)><(0,0)|(0,0)><(0,0)!|(0,0)!>;(3,0,0,2,0,2,0,1)(0,0,0,0,0,0,0,0)(3,0,0,2,0,2,0,1)(0,0,0,0,0,0,0,0);<(3x,0)|(3x,0)><(0,0)!|(0,0)!><(2,0)|(2,0)><(2,0)|(2,0)><(1x,0)!|(1x,0)!>
(8:0,0,0,0,0,0,0,0)(4:2,0,0,0,0,0,0,0)(0,0,0,0,4:1,0,0,0)(0,0,0,0,0,0,0,0);<(8,4xp2)|(0,0)><(0,0)|(0,0)><(0,0)|(4xp1,0)><(0,0)|(0,0)>;(3,0,0,5,0,0,0,0)(2:2,0,0,0,0,0,2,0)(0,0,2,0,2:1,0,0,0)(0,0,0,0,0,0,0,0);<(3x,2xp2)|(0,0)><(0,0)!|(2,0)!><(5x,0)!|(0,0)!><(0,0)|(2xp1,0)><(0,2)|(0,0)>;(3,0,0,2,0,2,0,1)(2:2,0,0,0,0,0,2,0)(0,0,2,0,2:1,0,0,0)(0,0,0,0,0,0,0,0);<(3x,2xp2)|(0,0)><(0,0)!|(2,0)!><(2,0)!|(0,0)!><(0,0)!|(2xp1,0)!><(2,0)!|(0,0)!><(0,2)!|(0,0)!><(1x,0)!|(0,0)!>
(8:0,0,0,0,0,0,0,0)(8:1,0,0,0,0,0,0,0)(0,0,0,0,0,0,0,0)(0,0,0,0,0,0,0,0);<(8,8)|(0,0)><(0,0)|(0,0)><(0,0)|(0,0)><(0,0)|(0,0)>;(3,0,0,5,0,0,0,0)(3,0,0,5,0,0,0,0)(0,0,0,0,0,0,0,0)(0,0,0,0,0,0,0,0);<(3x,3x)|(0,0)><(0,0)!|(0,0)!><(5x,5x)|(0,0)><(0,0)|(0,0)><(0,0)!|(0,0)!>;(3,0,0,2,0,2,0,1)(3,0,0,2,0,2,0,1)(0,0,0,0,0,0,0,0)(0,0,0,0,0,0,0,0);<(3x,3x)|(0,0)><(0,0)!|(0,0)!><(2,2)|(0,0)><(2,2)|(0,0)><(1x,1x)!|(0,0)!>
(8:0,0,0,0,4:1,0,0,0)(4:0,0,0,0,0,0,0,0)(0,0,0,0,0,0,0,0)(0,0,0,0,0,0,0,0);<(8,4x)|(0,0)><(0,0)|(0,0)><(4x,0)|(0,0)><(0,0)|(0,0)>;(6,0,2,0,2:1,0,2,0)(2:0,0,0,0,0,0,2,0)(0,0,0,0,0,0,0,0)(0,0,0,0,0,0,0,0);<(6,2x)|(0,0)><(2,0)|(0,0)><(2x,0)|(0,0)><(2,2)|(0,0)>;(6,0,2,0,2:1,0,2,0)(2:0,0,0,0,0,0,2,0)(0,0,0,0,0,0,0,0)(0,0,0,0,0,0,0,0);<(6,2x)|(0,0)><(2,0)|(0,0)><(2x,0)|(0,0)><(2,2)|(0,0)>
(8:0,0,0,0,4:2,0,0,0)(0,0,0,0,0,0,0,0)(4:0,0,0,0,0,0,0,0)(0,0,0,0,0,0,0,0);<8|4p1><0|0><0|0><0|0><4p2|0><0|0><0|0><0|0>;(6,0,2,0,2:2,0,2,0)(0,0,0,0,0,0,0,0)(2:0,0,0,0,0,0,2,0)(0,0,0,0,0,0,0,0);<6|2p1><0|0><2|0><0|0><2p2|0><0|0><2|2><0|0>;(6,0,2,0,2:2,0,2,0)(0,0,0,0,0,0,0,0)(2:0,0,0,0,0,0,2,0)(0,0,0,0,0,0,0,0);<6|2p1><0|0><2|0><0|0><2p2|0><0|0><2|2><0|0>
(8:0,0,0,0,4:3,0,0,0)(0,0,0,0,0,0,0,0)(0,0,0,0,0,0,0,0)(4:0,0,0,0,0,0,0,0);<(8,0)|(0,4xp1)><(0,0)|(0,0)><(4xp2,0)|(0,0)><(0,0)|(0,0)>;(6,0,2,0,2:3,0,2,0)(0,0,0,0,0,0,0,0)(0,0,0,0,0,0,0,0)(2:0,0,0,0,0,0,2,0);<(6,0)|(0,2xp1)><(2,0)|(0,0)><(2xp2,0)|(0,0)><(2,0)|(0,2)>;(6,0,2,0,2:3,0,2,0)(0,0,0,0,0,0,0,0)(0,0,0,0,0,0,0,0)(2:0,0,0,0,0,0,2,0);<(6,0)|(0,2xp1)><(2,0)|(0,0)><(2xp2,0)|(0,0)><(2,0)|(0,2)>
(8:0,0,0,0,8:0,0,0,0)(0,0,0,0,0,0,0,0)(0,0,0,0,0,0,0,0)(0,0,0,0,0,0,0,0);<8|0><0|0><0|0><0|0><8|0><0|0><0|0><0|0>;(6,0,2,0,6,0,2,0)(0,0,0,0,0,0,0,0)(0,0,0,0,0,0,0,0)(0,0,0,0,0,0,0,0);<6|0><0|0><2|0><0|0><6|0><0|0><2|0><0|0>;(6,0,2,0,6,0,2,0)(0,0,0,0,0,0,0,0)(0,0,0,0,0,0,0,0)(0,0,0,0,0,0,0,0);<6|0><0|0><2|0><0|0><6|0><0|0><2|0><0|0>
(8:1,0,0,0,0,0,0,0)(4:2,0,0,0,0,0,0,0)(0,0,0,0,4:0,0,0,0)(0,0,0,0,0,0,0,0);<(8x,4xp2)|(0,0)><(0,0)|(0,0)><(0,0)|(4p1,0)><(0,0)|(0,0)>;(2:1,0,0,0,0,0,2,0)(2:2,0,6,0,0,0,0,0)(0,0,2,0,2:0,0,0,0)(0,0,0,0,0,0,0,0);<(2x,2xp2)|(0,0)><(0,6)|(2,0)><(0,0)|(2p1,0)><(2,0)|(0,0)>;(2:1,0,0,0,0,0,2,0)(2:2,0,2,0,2,0,2,0)(0,0,2,0,2:0,0,0,0)(0,0,0,0,0,0,0,0);<(2x,2xp2)|(0,0)><(0,2)|(2,0)><(0,2)|(2p1,0)><(2,2)|(0,0)>
(8:1,0,0,0,0,0,0,0)(8:0,0,0,0,0,0,0,0)(0,0,0,0,0,0,0,0)(0,0,0,0,0,0,0,0);<(8x,8x)|(0,0)><(0,0)|(0,0)><(0,0)|(0,0)><(0,0)|(0,0)>;(2:1,0,6,0,0,0,0,0)(2:0,0,6,0,0,0,0,0)(0,0,0,0,0,0,0,0)(0,0,0,0,0,0,0,0);<(2x,2x)|(0,0)><(6,6)|(0,0)><(0,0)|(0,0)><(0,0)|(0,0)>;(2:1,0,2,0,2,0,2,0)(2:0,0,2,0,2,0,2,0)(0,0,0,0,0,0,0,0)(0,0,0,0,0,0,0,0);<(2x,2x)|(0,0)><(2,2)|(0,0)><(2,2)|(0,0)><(2,2)|(0,0)>
(8:1,0,0,0,4:0,0,0,0)(4:0,0,0,0,0,0,0,0)(0,0,0,0,0,0,0,0)(0,0,0,0,0,0,0,0);<(8x,4x)|(0,0)><(0,0)|(0,0)><(4,0)|(0,0)><(0,0)|(0,0)>;(2:1,0,2,0,3,0,0,1)(2:0,0,6,0,0,0,0,0)(0,0,0,0,0,0,0,0)(0,0,0,0,0,0,0,0);<(2x,2x)|(0,0)><(2,6)|(0,0)><(3x,0)|(0,0)><(0,0)!|(0,0)!><(1x,0)!|(0,0)!>;(2:1,0,2,0,3,0,0,1)(2:0,0,2,0,2,0,2,0)(0,0,0,0,0,0,0,0)(0,0,0,0,0,0,0,0);<(2x,2x)|(0,0)><(2,2)|(0,0)><(3x,2)|(0,0)><(0,2)!|(0,0)!><(1x,0)!|(0,0)!>
(8:2,0,0,0,0,0,0,0)(0,0,0,0,0,0,0,0)(4:2,0,0,0,4:0,0,0,0)(0,0,0,0,0,0,0,0);<8p2|4><0|0><0|0><0|0><0|4p1><0|0><0|0><0|0>;(6:2,0,0,0,0,0,2,0)(0,0,0,0,0,0,0,0)(3,0,0,1,2:0,0,2,0)(0,0,0,0,0,0,0,0);<(6p2,0)|(3x,0)><(0,0)!|(0,0)!><(0,0)!|(1x,0)!><(0,0)|(2p1,0)><(2,0)|(2,0)>;(6:2,0,0,0,0,0,2,0)(0,0,0,0,0,0,0,0)(3,0,0,1,2:0,0,2,0)(0,0,0,0,0,0,0,0);<(6p2,0)|(3x,0)><(0,0)!|(0,0)!><(0,0)!|(1x,0)!><(0,0)|(2p1,0)><(2,0)|(2,0)>
(8:2,0,0,0,0,0,0,0)(0,0,0,0,0,0,0,0)(8:0,0,0,0,0,0,0,0)(0,0,0,0,0,0,0,0);<8p2|8p1><0|0><0|0><0|0><0|0><0|0><0|0><0|0>;(2:2,0,6,0,0,0,0,0)(0,0,0,0,0,0,0,0)(2:0,0,6,0,0,0,0,0)(0,0,0,0,0,0,0,0);<2p2|2p1><0|0><6|6><0|0><0|0><0|0><0|0><0|0>;(2:2,0,2,0,2,0,2,0)(0,0,0,0,0,0,0,0)(2:0,0,2,0,2,0,2,0)(0,0,0,0,0,0,0,0);<2p2|2p1><0|0><2|2><0|0><2|2><0|0><2|2><0|0>
(8:2,0,0,0,4:0,0,0,0)(0,0,0,0,0,0,0,0)(4:0,0,0,0,0,0,0,0)(0,0,0,0,0,0,0,0);<8p2|4p1><0|0><0|0><0|0><4|0><0|0><0|0><0|0>;(2:2,0,2,0,3,0,0,1)(0,0,0,0,0,0,0,0)(2:0,0,6,0,0,0,0,0)(0,0,0,0,0,0,0,0);<(2p2,0)|(2p1,0)><(2,0)|(6,0)><(3x,0)|(0,0)><(0,0)!|(0,0)!><(1x,0)!|(0,0)!>;(2:2,0,2,0,3,0,0,1)(0,0,0,0,0,0,0,0)(2:0,0,2,0,2,0,2,0)(0,0,0,0,0,0,0,0);<(2p2,0)|(2p1,0)><(2,0)|(2,0)><(3x,0)|(2,0)><(0,0)!|(2,0)!><(1x,0)!|(0,0)!>
(8:3,0,0,0,0,0,0,0)(0,0,0,0,0,0,0,0)(0,0,0,0,0,0,0,0)(8:0,0,0,0,0,0,0,0);<(8xp2,0)|(0,8xp1)><(0,0)|(0,0)><(0,0)|(0,0)><(0,0)|(0,0)>;(2:3,0,6,0,0,0,0,0)(0,0,0,0,0,0,0,0)(0,0,0,0,0,0,0,0)(2:0,0,6,0,0,0,0,0);<(2xp2,0)|(0,2xp1)><(6,0)|(0,6)><(0,0)|(0,0)><(0,0)|(0,0)>;(2:3,0,2,0,2,0,2,0)(0,0,0,0,0,0,0,0)(0,0,0,0,0,0,0,0)(2:0,0,2,0,2,0,2,0);<(2xp2,0)|(0,2xp1)><(2,0)|(0,2)><(2,0)|(0,2)><(2,0)|(0,2)>
(8:3,0,0,0,0,0,0,0)(0,0,0,0,0,0,0,0)(0,0,0,0,4:0,0,0,0)(4:2,0,0,0,0,0,0,0);<(8xp2,0)|(0,4x)><(0,0)|(0,0)><(0,0)|(4p1,0)><(0,0)|(0,0)>;(2:3,0,0,0,0,0,2,0)(0,0,0,0,0,0,0,0)(0,0,2,0,2:0,0,0,0)(2:2,0,6,0,0,0,0,0);<(2xp2,0)|(0,2x)><(0,0)|(2,6)><(0,0)|(2p1,0)><(2,0)|(0,0)>;(2:3,0,0,0,0,0,2,0)(0,0,0,0,0,0,0,0)(0,0,2,0,2:0,0,0,0)(2:2,0,2,0,2,0,2,0);<(2xp2,0)|(0,2x)><(0,0)|(2,2)><(0,0)|(2p1,2)><(2,0)|(0,2)>
(8:3,0,0,0,4:0,0,0,0)(0,0,0,0,0,0,0,0)(0,0,0,0,0,0,0,0)(4:0,0,0,0,0,0,0,0);<(8xp2,0)|(0,4xp1)><(0,0)|(0,0)><(4,0)|(0,0)><(0,0)|(0,0)>;(2:3,0,2,0,3,0,0,1)(0,0,0,0,0,0,0,0)(0,0,0,0,0,0,0,0)(2:0,0,6,0,0,0,0,0);<(2xp2,0)|(0,2xp1)><(2,0)|(0,6)><(3x,0)|(0,0)><(0,0)!|(0,0)!><(1x,0)!|(0,0)!>;(2:3,0,2,0,3,0,0,1)(0,0,0,0,0,0,0,0)(0,0,0,0,0,0,0,0)(2:0,0,2,0,2,0,2,0);<(2xp2,0)|(0,2xp1)><(2,0)|(0,2)><(3x,0)|(0,2)><(0,0)!|(0,2)!><(1x,0)!|(0,0)!>
(c:0,0,0,0,4:0,0,0,0)(0,0,0,0,0,0,0,0)(0,0,0,0,0,0,0,0)(0,0,0,0,0,0,0,0);<c|0><0|0><0|0><0|0><4|0><0|0><0|0><0|0>;(a,0,2,0,3,0,0,1)(0,0,0,0,0,0,0,0)(0,0,0,0,0,0,0,0)(0,0,0,0,0,0,0,0);<(a,0)|(0,0)><(2,0)|(0,0)><(3x,0)|(0,0)><(0,0)!|(0,0)!><(1x,0)!|(0,0)!>;(a,0,2,0,3,0,0,1)(0,0,0,0,0,0,0,0)(0,0,0,0,0,0,0,0)(0,0,0,0,0,0,0,0);<(a,0)|(0,0)><(2,0)|(0,0)><(3x,0)|(0,0)><(0,0)!|(0,0)!><(1x,0)!|(0,0)!>
(c:2,0,0,0,0,0,0,0)(0,0,0,0,0,0,0,0)(0,0,0,0,4:0,0,0,0)(0,0,0,0,0,0,0,0);<cp2|0><0|0><0|0><0|0><0|4p1><0|0><0|0><0|0>;(6:2,0,0,0,0,0,2,0)(0,0,0,0,0,0,0,0)(0,0,0,0,2:0,0,6,0)(0,0,0,0,0,0,0,0);<6p2|0><0|0><0|0><0|0><0|2p1><0|0><2|6><0|0>;(6:2,0,0,0,0,0,2,0)(0,0,0,0,0,0,0,0)(2,0,2,0,2:0,0,2,0)(0,0,0,0,0,0,0,0);<6p2|2><0|0><0|2><0|0><0|2p1><0|0><2|2><0|0>